z   Sigma_E1   Delta_E1   Sigma_E2   Delta_E2   Sigma_E3   Delta_E3   Sigma_nuR   Delta_nuR   Delta_phi_R   Delta_er   Delta_phiR_2m   Delta_psi_L   Delta_phi_L   
0.5000028710697776   0.004084250666312511   0.0   0.003984528289445036   0.0   0.0038803197536001095   0.0   0.0035592921654217014   0.0   0.0   0.0   0.0   0.0   0.0
0.5001028710697776   0.004084250583046085   1.6274503736633084e-26   0.0039845281640316825   -6.636029481818934e-24   0.0038803196202727543   -3.245342703186095e-24   0.003559292165435441   -3.287871864740269e-20   3.287871864740269e-20   -3.287871864740269e-20   3.287871864740269e-20   -6.574755636325607e-20   -9.311743772842445e-27
0.5002028710697776   0.004084250403605768   7.019289716118676e-26   0.003984527893762803   -2.861894159329776e-23   0.0038803193329380627   -1.3996232852734525e-23   0.003559292165465062   -1.0376164786711577e-19   1.0376164786711575e-19   -1.0376164786711577e-19   1.0376164786711575e-19   -2.074806824623384e-19   -4.0160921164373345e-26
0.5012028710697775   0.004084240220929095   2.0737985277332022e-23   0.003984512560269043   -8.431515065371483e-21   0.0038803030164240196   -4.126036530184404e-21   0.003559292167153557   -4.143827326037077e-18   4.1438273260370774e-18   -4.14382732603708e-18   4.1438273260370805e-18   -8.275097682425117e-18   -1.1855209658071146e-23
0.5022028710697773   0.0040842205807709794   8.361330119882238e-23   0.003984482984784859   -3.3961108072370073e-20   0.0038802715310530997   -1.6621570393566065e-20   0.003559292170424241   -1.1968523497066315e-17   1.1968523497066315e-17   -1.196852349706634e-17   1.196852349706634e-17   -2.388646669025641e-17   -4.778367590357751e-23
0.5122028710697762   0.00408326579958027   2.1214010780692017e-20   0.003983048101733884   -8.371729837132291e-18   0.0038787316035934633   -4.123742380078139e-18   0.003559292336602156   -4.0895264400156664e-16   4.0895264400156664e-16   -4.089526440018065e-16   4.089526440018065e-16   -8.054106243683607e-16   -1.2019798501921527e-20
0.5222028710697751   0.004081522552061891   8.626573613664495e-20   0.0039804279779330955   -3.367150636146134e-17   0.0038759093059768804   -1.6615054834545123e-17   0.0035592926528531447   -1.163048173046649e-15   1.163048173046649e-15   -1.1630481730489278e-15   1.1630481730489276e-15   -2.275813385313996e-15   -4.8711869298734985e-20
0.6116048734721036   0.00404411806442095   1.0003423738640744e-17   0.003923888555296685   -3.1393046039463973e-15   0.003814294511801727   -1.6245629894822414e-15   0.003559302208097527   -2.334130531104283e-14   2.3341305311042828e-14   -2.334130531709473e-14   2.3341305317094726e-14   -4.191982344494277e-14   -5.31903730936637e-18
0.701006875874432   0.003976879109580589   5.2693604119859115e-17   0.0038225052088610243   -1.447920340372583e-14   0.0037026042047784854   -7.712348880280629e-15   0.003559323871355105   -7.203961892368682e-14   7.203961892368682e-14   -7.203961900617037e-14   7.203961900617037e-14   -1.218950879661546e-13   -2.713883912478592e-17
0.7904088782767604   0.0038943281923848297   1.639332255041826e-16   0.003698461055188694   -3.859477242596109e-14   0.0035648738372898014   -2.1293273091975843e-14   0.003559358005720818   -1.450523561371962e-13   1.4505235613719617e-13   -1.450523566401145e-13   1.450523566401145e-13   -2.3024504014500025e-13   -8.171053260028587e-17
0.9294526647420182   0.00375039880938227   5.935033978402706e-16   0.0034823384280696693   -1.0761976921352128e-13   0.0033243895472834556   -6.271369699578501e-14   0.0035594387181002475   -3.015677437488338e-13   3.015677437488338e-13   -3.015677479226255e-13   3.015677479226255e-13   -4.3293153261974857e-13   -2.822713873092007e-16
1.0684964512072759   0.0035994391965350585   1.5301864721845662e-15   0.0032553453415430644   -2.1106219717925165e-13   0.0030730279747949755   -1.2997516417504834e-13   0.003559558837474984   -5.020679022980195e-13   5.020679022980195e-13   -5.020679207756511e-13   5.020679207756511e-13   -6.634893013427667e-13   -6.99957181281729e-16
1.2075402376725335   0.003444202817606479   3.210276199135523e-15   0.0030222613646924174   -3.280171769947394e-13   0.002816954463058964   -2.145100983638618e-13   0.0035597257293897926   -7.323990956057566e-13   7.323990956057566e-13   -7.32399154492858e-13   7.323991544928581e-13   -9.231942196416688e-13   -1.4205812591305513e-15
1.346584024137791   0.003285793973084058   5.84769223329499e-15   0.002786937432856588   -4.2750026691301023e-13   0.0025594810640292027   -3.0021962949314865e-13   0.003559945445252653   -9.698845535642573e-13   9.698845535642573e-13   -9.698847051431322e-13   9.69884705143132e-13   -1.21389676234497e-12   -2.5156300721936737e-15
1.6288225780563548   0.002966987833520935   1.4433628182988358e-14   0.0023257011636884616   1.542662354518729e-13   0.00205691388352048   -3.741341638769998e-13   0.0035605761698839582   -1.3421903707350289e-12   1.3421903707350289e-12   -1.342191041886346e-12   1.3421910418863459e-12   -2.4700367771117477e-12   -5.829925563141608e-15
1.9110611319749184   0.002665484873192519   2.7145980564942615e-14   0.0019089227115578567   -2.0910707797811368e-13   0.0016106581421602545   -4.102940155400161e-13   0.0035614970596400566   -1.3673810800080438e-12   1.3673810800080436e-12   -1.3673828961522907e-12   1.3673828961522905e-12   -2.1270442542654386e-12   -1.057885386856853e-14
2.193299685893482   0.0023915392765351436   4.11950149408608e-14   0.0015474960656542947   -3.4473906431319936e-13   0.0012396569079044335   -2.748734960320956e-13   0.003562768074690495   -8.418916575676805e-13   8.418916575676805e-13   -8.418949753951135e-13   8.418949753951135e-13   -1.0857078117343811e-12   -1.479193438907407e-14
2.475538239812046   0.002148224549778615   5.201337378006292e-14   0.0012413677874754021   3.9360003984461354e-14   0.0009428657252968293   -5.491943469254646e-15   0.0035644567222311474   3.7120903861553186e-13   -3.7120903861553186e-13   3.712054140293931e-13   -3.712054140293932e-13   6.725605259454777e-13   -1.562426329610956e-14
2.876454434180314   0.0018527553217124774   4.955711511614534e-14   0.0008937052900565303   6.616449792373074e-13   0.0006276257032005238   4.0533320819743503e-13   0.0035677134770986246   3.4487818970792366e-12   -3.4487818970792366e-12   3.4487900915437087e-12   -3.4487900915437083e-12   5.764815573043069e-12   -3.54694855341775e-15
3.1671998486620145   0.0016726826882825711   3.060131458348485e-14   0.0006980258728334837   1.074475134385333e-12   0.0004635465501615206   6.607746863067516e-13   0.0035707495016936252   6.6988090496577274e-12   -6.6988090496577274e-12   6.698842936171573e-12   -6.698842936171573e-12   1.1568097562866564e-11   1.7449754855307645e-14
3.457945263143715   0.0015173990524641348   -6.444072946035957e-15   0.000541594758666367   1.4089865441558016e-12   0.0003399895660033915   8.401562926745408e-13   0.0035743912893442175   1.0819994746172104e-11   -1.0819994746172104e-11   1.082008132382519e-11   -1.082008132382519e-11   1.9262686699655473e-11   5.0886288573721596e-14
3.748690677625415   0.0013831922211607682   -6.211468949927914e-14   0.00041763170675360514   1.6439726290515626e-12   0.0002477586047657244   9.386518019844914e-13   0.0035786454797529154   1.5794750178032623e-11   -1.5794750178032623e-11   1.5794928942078613e-11   -1.5794928942078613e-11   2.884051360763202e-11   9.69023904181912e-14
4.215128772283907   0.0012036093572158177   -1.8571503817293228e-13   0.0002725419676672153   1.8007804305153293e-12   0.00014787621380284437   9.507850421864586e-13   0.0035867078638828105   2.545729566357248e-11   -2.545729566357248e-11   2.5457733675592106e-11   -2.545773367559211e-11   4.793012429712428e-11   1.9348655721092404e-13
4.681566866942399   0.0010568787214973662   -3.400704509111138e-13   0.0001758444143814508   1.7321716336324026e-12   8.719861879957472e-05   8.408615325018949e-13   0.003596172814815258   3.698352362915062e-11   -3.698352362915062e-11   3.698439298286868e-11   -3.698439298286868e-11   7.10938299399873e-11   3.10063401564331e-13
5.148004961600891   0.000933078075862687   -5.063740567726038e-13   0.0001123263863538858   1.5233022815816448e-12   5.0841092513410855e-05   6.785143881588214e-13   0.0036068093417826164   5.004535164842088e-11   -5.004535164842088e-11   5.0046842436356026e-11   -5.0046842436356026e-11   9.752635474855894e-11   4.342253038854288e-13
5.614443056259383   0.0008254713882971247   -6.648609345507194e-13   7.120254020865208e-05   1.2535388745879193e-12   2.9443828014751937e-05   5.117116900044759e-13   0.0036183215621678993   6.425025434855879e-11   -6.425025434855879e-11   6.425254331739767e-11   -6.425254331739767e-11   1.2631861672005525e-10   5.535474180565483e-13
6.214653428909842   0.0007039645769670538   -8.320064244914675e-13   3.92119941118326e-05   9.054862056081721e-13   1.4449898761869055e-05   3.299076160459379e-13   0.0036339111056435704   8.354878759244448e-11   -8.354878759244448e-11   8.355229622886332e-11   -8.355229622886332e-11   1.653891193933788e-10   6.847879123642688e-13
6.814863801560302   0.0005970932943354863   -9.38551478850772e-13   2.136160675110625e-05   6.126055664778235e-13   7.006781404114857e-06   1.990614640584588e-13   0.003649751919424859   1.0320413898575486e-10   -1.0320413898575486e-10   1.0320896318519809e-10   -1.0320896318519809e-10   2.0507938152755949e-10   7.800577931580587e-13
7.415074174210761   0.0005023582070798451   -9.794125359094266e-13   1.1533068890153025e-05   3.939035175579281e-13   3.358972251788368e-06   1.140770733580807e-13   0.0036652581703241626   1.2247521024496012e-10   -1.2247521024496012e-10   1.2248131280186406e-10   -1.2248131280186406e-10   2.4388879767507086e-10   8.369361067710307e-13
8.01528454686122   0.00041837555433548064   -9.618768799817701e-13   6.200640307121715e-06   2.4309642283660806e-13   1.6176162439460618e-06   6.26282140818435e-14   0.003679967363955021   1.4077736098349338e-10   -1.4077736098349338e-10   1.4078460481906581e-10   -1.4078460481906581e-10   2.806629555218286e-10   8.597927639902783e-13
8.61549491951168   0.00034431028625029025   -8.995447794087451e-13   3.3338890257806123e-06   1.447951939673884e-13   7.921158020408879e-07   3.312239145657085e-14   0.0036935408652653354   1.5768167309082662e-10   -1.5768167309082662e-10   1.5768986878621385e-10   -1.5768986878621385e-10   3.1456897616382835e-10   8.561248686161907e-13
9.6481441837326   0.00023876186909387398   -7.304694587780064e-13   1.070231614856696e-06   5.630192690209476e-14   1.9801347759639553e-07   1.0520329801497641e-14   0.003713728121611257   1.8284519986085084e-10   -1.8284519986085084e-10   1.8285459797187927e-10   -1.8285459797187927e-10   3.6495888429880395e-10   8.10461226171048e-13
10.68079344795352   0.00015855970346307567   -5.373646856354593e-13   3.6076363364027237e-07   2.0625051460384274e-14   5.282927583711745e-08   3.181969765435948e-15   0.003729492597940822   2.0251265453856905e-10   -2.0251265453856905e-10   2.0252276081064828e-10   -2.0252276081064828e-10   4.042937948228788e-10   7.436576377753562e-13
11.713442712174439   0.00010061147866860406   -3.6428714644664946e-13   1.0230255249091015e-07   6.860415505032012e-15   9.118024919480347e-09   7.339089736168834e-16   0.0037410047883453296   2.1688335302706594e-10   -2.1688335302706594e-10   2.168938246295962e-10   -2.168938246295962e-10   4.3301581644227624e-10   6.790169934536227e-13
12.746091976395359   6.0997085914025926e-05   -2.308876726165163e-13   -4.047969428283606e-10   1.5840008331296458e-15   -8.578787115219955e-09   -7.871469175596217e-17   0.0037489074214749137   2.2675189287801678e-10   -2.2675189287801678e-10   2.267625355494559e-10   -2.267625355494559e-10   4.5273221482624196e-10   6.276001285795298e-13
14.72552224578677   2.0696778330714373e-05   -7.438672606480171e-14   -2.1230750826806508e-08   -7.462177459348536e-16   -6.509747248605535e-09   -2.2494568731023007e-16   0.003757028235263527   2.368980029555684e-10   -2.368980029555684e-10   2.369086998635963e-10   -2.369086998635963e-10   4.729968447657117e-10   5.648773287419736e-13
16.70495251517818   6.614559239976517e-06   -2.032365886545301e-14   2.5940043618553653e-10   1.9874412638382304e-17   -9.512984455340372e-11   -4.468267861951806e-18   0.0037598744210733184   2.4045411577543303e-10   -2.4045411577543303e-10   2.4046479578223107e-10   -2.4046479578223107e-10   4.800977265536391e-10   5.428247637862452e-13
18.684382784569593   2.2911733151289295e-06   -9.198165169503163e-15   -3.1339589917361715e-09   -1.2267837630866162e-16   -6.508881735756147e-10   -2.812022452064316e-17   0.0037607348513325916   2.4152797068019387e-10   -2.4152797068019387e-10   2.4153865396133803e-10   -2.4153865396133803e-10   4.822432247604337e-10   5.385229529750287e-13
20.663813053961004   6.985092227161636e-07   -5.223460577578657e-15   1.5517651873506904e-09   8.191988636014444e-17   2.7902476088035224e-10   1.3092632871765407e-17   0.0037610434164114604   2.419129606312537e-10   -2.419129606312537e-10   2.419236575638091e-10   -2.419236575638091e-10   4.830119735724139e-10   5.372055482037583e-13
24.046316644894244   -1.590771024884878e-06   3.303512327362025e-15   -5.07858995610432e-11   -2.885741667250864e-18   -2.1789954192291138e-11   -1.0616109007770565e-18   0.003761475002203219   2.4245174075382005e-10   -2.424517407538201e-10   2.4246249991669695e-10   -2.4246249991669695e-10   4.840875890942451e-10   5.346711034418384e-13
26.42744782891716   -1.26558509588039e-07   1.631288479917867e-15   2.3795049711852823e-09   1.2930709616488467e-16   4.834246305684612e-10   2.2856397109893243e-17   0.0037611830711073908   2.42087812895198e-10   -2.42087812895198e-10   2.4209857186966994e-10   -2.4209857186966994e-10   4.833599611895254e-10   5.353039440603154e-13
28.808579012940076   5.500773551029569e-07   -1.1888749248542586e-15   -3.467000702855347e-09   -1.8186562925268478e-16   -7.262614409352767e-10   -3.286580787607659e-17   0.0037610536824905557   2.419261869972086e-10   -2.419261869972086e-10   2.419369328767901e-10   -2.419369328767901e-10   4.830377197954046e-10   5.362416008439184e-13
31.18971019696299   2.1090485404510588e-08   -7.016630321175078e-16   1.1365340702401137e-10   5.847645153531836e-18   2.0188177541194223e-11   8.73275299501336e-19   0.003761161975300262   2.4206121144732516e-10   -2.420612114473252e-10   2.4207195182224433e-10   -2.4207195182224433e-10   4.833074704297974e-10   5.359764244906007e-13
33.57084138098591   -2.3188123436081813e-07   4.786771206744921e-16   1.4652424047657157e-11   7.758709560916023e-19   6.7705284902900024e-12   3.099036489270088e-19   0.0037612112033433365   2.42122741893116e-10   -2.42122741893116e-10   2.4213348469923737e-10   -2.4213348469923737e-10   4.834302803619586e-10   5.355439120730468e-13
35.95197256500883   1.4685611067464184e-08   2.2343431694801803e-16   -2.4062574953892923e-10   -1.2729471494568681e-17   -4.8076149834993615e-11   -2.1971423505324417e-18   0.003761160209137389   2.4205915131715394e-10   -2.4205915131715394e-10   2.420698971422133e-10   -2.420698971422133e-10   4.833031476629357e-10   5.356892919709473e-13
40.42331080993283   8.340961452124517e-08   -1.854975285967801e-17   -1.0118390175436553e-12   -5.3208296144741354e-20   -4.670348473302508e-13   -2.118734808179471e-20   0.003761144181608533   2.4203910139307094e-10   -2.4203910139307094e-10   2.4204985226863026e-10   -2.4204985226863026e-10   4.832630536997545e-10   5.358563987857395e-13
44.89464905485683   9.303136906495485e-10   -1.3915367335913178e-16   1.7076400877175613e-10   8.953795946273807e-18   3.498169517164253e-11   1.5805164291076287e-18   0.0037611607501314846   2.4205971166063807e-10   -2.4205971166063807e-10   2.420704630419035e-10   -2.420704630419035e-10   4.833042889653845e-10   5.359088331095646e-13
49.365987299780826   -2.864873401038057e-08   1.9601887186556614e-17   -2.592515102536956e-11   -1.377632900407915e-18   -4.808640119654006e-12   -2.2067880953902557e-19   0.0037611673296942755   2.4206794830048525e-10   -2.4206794830048525e-10   2.420786985168674e-10   -2.420786985168674e-10   4.833207521582858e-10   5.358268885633925e-13
53.837325544704825   1.2718720735505178e-08   7.258469417903535e-17   -1.0419428169162253e-10   -5.458774847253324e-18   -2.119217314207384e-11   -9.56223309793509e-19   0.0037611593629072277   2.4205804195020175e-10   -2.4205804195020175e-10   2.4206879139158503e-10   -2.4206879139158503e-10   4.83300938384177e-10   5.357945738731892e-13
92.28868249007132   -2.6229867256266493e-09   9.057943914851836e-18   -2.978073848422881e-14   -1.565793870704381e-21   3.0151757419318846e-10   -6.049153469472799e-22   0.003761166969861812   2.4205564147405674e-10   -2.4205564147405674e-10   2.420663860368947e-10   -2.420663860368947e-10   4.832961834129474e-10   5.357421240584167e-13
100.0   3.1147534989801253e-09   -6.54233290850444e-18   1.107554603387976e-10   1.2137679914887515e-21   1.9279479694243263e-10   4.652994311905485e-22   0.0037611661913844237   2.4205107689970996e-10   -2.4205107689970996e-10   2.4206182159540277e-10   -2.4206182159540277e-10   4.832870554562465e-10   5.357510873681627e-13
