ME   gamma_EE_chiLchiL   gamma_EE_ff   gamma_EE_BB   
1000000.0   356.31656534549285   14133.890166274816   44310.7549303515
1015079.3665726911   351.02335549244617   13923.926179286267   43652.50283823826
1030386.1204416159   345.8087781624798   13717.081282322726   43004.02931607837
1045923.6904631681   340.67166524137593   13513.309140187734   42365.18909972227
1061695.5571987242   335.61086596767103   13312.564106010745   41735.83908297129
1077705.2536943213   330.62524667487423   13114.801211021777   41115.83828552044
1093956.366272093   325.7136905375149   12919.976154477972   40505.0478213775
1110452.5353336392   320.87509732096424   12728.045293739857   39903.330867751305
1127197.4561755094   316.1083831349712   12538.965634494925   39310.55263440207
1144194.879816987   311.41248019086174   12352.694821126555   38726.580333447186
1161448.613840344   306.78633656234496   12169.191127225966   38151.283149615585
1178962.5232437863   302.22891594986993   11988.413446245062   37584.53221094366
1196740.5313072442   297.73919744848547   11810.321282288187   37026.20055990684
1214786.6204712235   293.31617531914816   11634.874741040683   36476.16312497998
1233104.8332289096   288.95885876342794   11462.034520832214   35934.296692620126
1251699.2730317255   284.66627170155897   11291.761903832776   35400.47987966548
1270574.105208542   280.43745255378866   11124.018747379549   34874.59310614447
1289733.5578987505   276.27145402497564   10958.767475432616   34356.51856848877
1309181.922999407   272.16734289238605   10795.971070157542   33846.14021314406
1328923.5571266557   268.124199796643   10635.59306363305   33343.34371057311
1348962.8825916534   264.1411190357815   10477.59752968185   32848.01642964468
1369304.388391207   260.2172083623631   10321.94907582287   32360.0474124034
1389952.6312133525   256.35158878360335   10168.61283534296   31879.32734921378
1410912.2364580953   252.54339436446978   10017.554459486462   31405.74855427412
1432187.8992735425   248.7917720337043   9868.740109760765   30939.204941493732
1453784.3856076607   245.09588139272648   9722.136450356122   30479.59200072867
1475706.5332758932   241.45489452737763   9577.71064067817   30026.806774370558
1497959.2530448756   237.86799582245942   9435.430327991302   29580.747834283076
1520547.529732497   234.33438177902804   9295.263640171332   29141.31525908098
1543476.4233245333   230.85326083440495   9157.17917856592   28708.410611747106
1566751.0701081501   227.4238531848566   9021.146010960872   28281.936917581173
1590376.683822467   224.04539061091288   8887.133664651094   27861.79864247676
1614358.556826487   220.71711630527827   8755.112119614418   27447.901671520714
1638702.0612846343   217.43828470330004   8625.051801786823   27040.15328791054
1663412.65037017   214.20816131595456   8496.923576437579   26638.462152184988
1688495.8594867534   211.02602256531523   8370.698741642786   26242.738281763097
1713957.3075084253   207.89115562246369   8246.349021855865   25852.89303078728
1739802.6980382875   204.80285824781006   8123.8465615735995   25468.839070265854
1766037.8206861638   201.76043863378428   8003.163919096213   25090.490368510513
1792668.5523655273   198.76321524986486   7884.274060380181   24717.762171864368
1819700.8586099825   195.81051668990963   7767.150352982352   24350.570985716407
1847140.7949096032   192.90168152175457   7651.766560094034   23988.8345557979
1874994.5080674174   190.03605813904662   7538.096834663697   23632.471849756617
1903268.2375763487   187.21300461527795   7426.115713606996   23281.403039004894
1931968.3170169222   184.43188855998818   7315.798112102796   22935.549480837253
1961101.1754760495   181.69208697710278   7207.119317973928   22594.833700813644
1990673.3389871884   178.9929861253776   7100.054986151487   22259.17937540463
2020691.4319922593   176.33398138091272   6994.581133221215   21928.51131489394
2051162.1788255668   173.71447710171265   6890.674132051057   21602.755446535437
2082092.4052201174   171.13388649425642   6788.310706498443   21281.838797960074
2113489.0398366475   168.59163148205056   6687.467926196217   20965.689480829435
2145359.1158157093   166.08714257613417   6588.123201416012   20654.236674732027
2177709.7723531593   163.6198587475085   6490.254278007951   20347.410611318875
2210548.2562994044   161.18922730146096   6393.839232415505   20045.14255867477
2243881.9237827663   158.79470375375612   6298.856466764396   19747.364805921607
2277718.241857322   156.43575170866674   6205.284704024501   19454.010648050633
2312064.790175594   154.11184273881526   6113.102983243561   19165.014370979734
2346929.262686464   151.8224562668017   6022.290654851758   18880.311236833026
2382319.469358689   149.56707944858962   5932.8273760360125   18599.837469438884
2418243.337930408   147.34520705862352   5844.693106182998   18323.53024004347
2454708.915685029   145.1563413766543   5757.868102389856   18051.327653236567
2491724.3712538965   142.99999207624467   5672.332915041601   17783.168733086335
2529297.996446142   140.8756761149319   5588.068383454231   17518.99340948022
2567438.2081061266   138.78291762602154   5505.05563158254   17258.742504668633
2606153.5499988976   136.7212478119885   5423.27606379171   17002.357720008564
2645452.6947240513   134.6902048394634   5342.711360691759   16749.781622904273
2685344.445658509   132.68933373577553   5263.343475033745   16500.957633941623
2725837.7389285336   130.71818628703596   5185.154627667067   16255.830014213927
2766941.645411513   128.77632093773332   5108.127303556759   16014.343852835897
2808665.3727679183   126.86330269182108   5032.244247859962   15776.44505464301
2851018.2675039098   124.97870301527423   4957.488462060663   15542.080328073775
2894009.81706504   123.12209974009394   4883.843200161878   15311.197173231863
2937649.6519615306   121.29307696973764   4811.2919649343885   15083.74387012565
2981947.547925597   119.49122498595452   4739.818504221213   14859.66946708249
3026913.4281013045   117.71614015700479   4669.406807296964   14638.923769335011
3072557.3652674453   115.9674248472422   4600.041101281297   14421.45732777704
3118889.5840939353   114.24468732804016   4531.705847605642   14207.221427886534
3165920.463432236   112.54754169004082   4464.385738532417   13996.16807881312
3213660.5386403147   110.8756077567075   4398.065693725946   13788.250002627587
3262120.5039426642   109.2285109991619   4332.730856874327   13583.420623731292
3311311.2148259077   107.605882452286   4268.366592361483   13381.63405842273
3361243.6904705376   106.00735863207007   4204.95848198862   13182.845104619144
3411929.116219288   104.43258145418984   4142.492321744474   12987.009231730939
3463378.846082797   102.88119815379117   4080.9541186234187   12794.082570686287
3515604.4052829836   101.35286120646775   4020.330087490924   12604.021904104071
3568617.4928348134   99.84722825041263   3960.606647995562   12416.784656612836
3622429.9841669877   98.36396200972571   3901.7704215268736   12232.32888531348
3677053.933782149   96.90273021886092   3843.8082282184423   12050.61327038363
3732501.5779572064   95.46320554819553   3786.7070839954686   11871.59710582165
3788785.3374843714   94.04506553070524   3730.454197666224   11695.240290328074
3845917.8204535353   92.64799248972868   3675.0369680567055   11521.503318322617
3903911.8250765996   91.2716734678047   3620.4429811878485   11350.34727109444
3962780.342554393   89.91580015656699   3566.6600074946787   11181.733808084085
4022536.5599868256   88.58006882768018   3513.6759990867818   11015.6251582948
4083193.863326919   87.26418026480185   3461.4790870494594   10851.984111831476
4144765.8403793885   85.96783969655512   3410.0575787849766   10690.774011565281
4207266.283844437   84.69075673049737   3359.399955393319   10531.95874492214
4270709.194407452   83.43264528806924   3309.494869091842   10375.502735793154
4335108.783875293   82.19322354051059   3260.3311406732637   10221.370936565218
4400479.478359833   80.97221384572866   3211.8977570014404   10069.528820270105
4466835.921509635   79.76934268610214   3164.183868544259   9919.942372849908
4534192.977790143   78.58434060721275   3117.1787869433233   9772.57808553783
4602565.735813563   77.41694215748322   3070.871982619595   9627.40294735171
4671969.511718803   76.26688582871446   3025.253082414701   9484.384437699317
4742419.852602448   75.13391399750505   2980.3118672672367   9343.490519093442
4813932.540001448   74.0177728675412   2936.0382699236084   9204.689629975193
4886523.593428336   72.91821241274408   2892.4223726828714   9067.950677643921
4960209.273959747   71.83498632126151   2849.4544051750663   8933.24303129213
5035006.087879048   70.76785194029192   2807.1247421725743   8800.536515143916
5110930.790373907   69.71657022172771   2765.4239014339696   8669.801401695324
5188000.389289609   68.68090566860637   2724.3425415799097   8541.008405055061
5266232.148938972   67.66062628235686   2683.8714600005774   8414.128674384232
5345643.593969714   66.65550351082976   2644.001590794213   8289.133787433442
5426252.513290141   65.66531219709951   2604.7240027362654   8165.99574417598
5508076.964054029   64.68983052902705   2566.029897278715   8044.686960535515
5591135.275705596   63.72883998957191   2527.9106065791143   7925.18026220704
5675446.054085465   62.782125307842314   2490.357591558913   7807.4488785695385
5761028.185598565   61.84947441087237   2453.3624399906175   7691.466436689141
5847900.841444812   60.930678376116155   2416.9168646133926   7577.206955411347
5936083.481913707   60.025531384646484   2381.0127012766084   7464.64483954096
6025595.860743581   59.133830675049964   2345.6419071110154   7353.754874108564
6116458.029546624   58.25537649800639   2310.7965587270573   7244.512218722113
6208690.342300638   57.389972071543085   2276.4688504399596   7136.892402002463
6302313.459908516   56.53742353695386   2242.6510925211865   7030.871316101548
6397348.354826482   55.697539915372865   2209.3357094758635   6926.425211301997
6493816.315762113   54.87013306499349   2176.5152383458   6823.530690696969
6591738.952443212   54.05501763892288   2144.1823270377113   6722.164704949036
6691138.200458591   53.252011043662506   2112.3297326762918   6622.3045471269115
6792036.326171843   52.46093339820543   2080.950319981728   6523.927847618878
6894455.9317092225   51.68160749374137   2050.037059671342   6427.012569121798
6998419.960022731   50.91385875396017   2019.5830268849588   6331.537001704536
7103951.700029552   50.15751519594518   1989.581399633674   6237.479757944746
7211074.79182899   49.412407391647385   1960.025457271668   6144.819768137876
7319813.231998072   48.678368429931915   1930.9085789907128   6053.53627557736
7430191.378967022   47.9552338791884   1902.2242423370492   5963.608831904913
7542233.958475699   47.24284175049713   1873.9660217503126   5875.01729252997
7655966.069112569   46.541032461340954   1846.1275871241069   5787.741812116957
7771413.187936803   45.84964879985872   1818.7027023880528   5701.762840139936
7888601.176185548   45.16853588962728   1791.6852241108115   5617.061116502978
8007556.2850670125   44.49754115496811   1765.0691001239136   5533.617667225762
8128305.161640995   43.836514286768896   1738.8483681660116   5451.413800193218
8250874.854788077   43.18530720881294   1713.0171545472856   5370.431100968338
8375292.821268827   42.54377404460854   1687.56967283367   5290.651428667133
8501586.931874368   41.91177108471145   1662.5002225506475   5212.056911894939
8629785.477669703   41.28915675453255   1637.8031879062864   5134.629944743042
8759917.17633117   40.675791582623766   1613.4730365332482   5058.353182844787
8892011.178579481   40.071538169435286   1589.5043182494894   4983.209539490283
9026097.074709749   39.47626115653656   1565.8916638373637   4909.182181798813
9162204.901219992   38.88982719629503   1542.6297838408766   4836.254526948126
9300365.147539595   38.31210492200473   1519.7134673807864   4764.41023845971
9440608.762859225   37.74296491845905   1497.1375809873261   4693.633222539278
9582967.16306374   37.18227969296057   1474.8970674502568   4623.90762447161
9727472.237769641   36.62992364676137   1452.986944686002   4555.217825068936
9874156.357468667   36.08577304692772   1431.402304621614   4487.548437172101
10023052.380778983   35.54970599862316   1410.138312095336   4420.884302203725
10174193.661806056   35.021602417802015   1389.1902037734417   4355.2104867724465
10327614.05761398   34.5013440043105   1368.5532870832521   4290.512279327831
10483347.93581002   33.988814215385595   1348.2229391619185   4226.775186864741
10641430.182243165   33.48389823954875   1328.1946058208744   4163.984931676823
10801896.208818909   32.98648297088692   1308.4638005256518   4102.12744815815
10964781.961431852   32.496456983715774   1289.026103390853   4041.1888796523867
11130123.928017912   32.01371050761937   1269.8771601900592   3981.1555753487905
11297959.146727977   31.53813540286047   1251.0126813804382   3922.0140872242764
11468325.214224776   31.069625136156272   1232.4284411418503   3863.7511670309545
11641260.29410491   30.60807475681394   1214.1202764302216   3806.3537633283836
11816803.12544783   30.15338087322067   1196.0840860449869   3749.8090185599344
11994993.031493781   29.705441629682998   1178.3158297103794   3694.1042661725755
12175869.928452551   29.264156683610178   1160.8115271703723   3639.227027779445
12359474.334445095   28.829427183036458   1143.5672572970627   3585.1650103645707
12545847.37857996   28.401155744477403   1126.5791572123053   3531.906103529131
12735030.810166629   27.9792464311149   1109.8434214223848   3479.43837677859
12927067.00806762   27.563604731306814   1093.3563009655657   3427.750076850202
13121998.99019204   27.15413753741481   1077.1141025722611   3376.8296250800895
13319870.42313163   26.750753124948158   1061.1131878377391   3326.665614809609
13520725.631942779   26.35336113201597   1045.3499724070602   3277.246808830077
13724609.610075625   25.96187253908561   1029.8209251721612   3228.562136865569
13931568.029453035   25.57619964904139   1014.5225674808498   3180.600693093065
14141647.250701543   25.19625606753956   999.4514723575543   3133.3517336994328
14354894.33353656   24.821956683655273   984.6042637356502   3086.804674474732
14571357.047304206   24.453217650816796   969.9776157011866   3040.9490884412357
14791083.881682072   24.089956368023238   955.5682517478551   2995.774703517697
15014124.05754138   23.732091461341046   941.3729440430169   2951.271400218306
15240527.537972907   23.379542765675517   927.388512704641   2907.4292093858276
15470345.039479194   23.03223130681307   913.6118250889789   2864.2383099584194
15703628.043335514   22.690079283730263   900.0397950888243   2821.6890267696176
15940428.807122163   22.353010051165697   886.6693824421972   2779.771828381022
16180800.376430646   22.020948102450635   873.4975920512927   2738.4773249471427
16424796.596746415   21.693819052594876   860.5214733115535   2697.7962661119955
16672472.12551061   21.37154962162399   847.7381194507141   2657.7195389369667
16923882.444364194   21.05406761816344   835.1446668776365   2618.2381658593577
17179083.87157586   20.74130192326766   822.7382945408656   2579.3433026814137
17438133.574658394   20.433182474488124   810.5162232966603   2541.026236589056
17701089.58317422   20.129640250179275   798.4757152864643   2503.278384200208
17968010.80173495   19.83060725403659   786.61407332358   2466.091289641976
18238957.023196384   19.536016499864985   774.9286402889855   2429.456622656487
18513988.942052722   19.245801996573228   763.4167985361091   2393.366176734822
18793168.168032687   18.95989873339131   752.0759693044549   2357.8118672786845
19076557.239900682   18.67824266530746   740.9036121419359   2322.785729789375
19364219.63946607   18.400770698721413   729.897224335787   2288.279918083664
19656219.805803683   18.127420677310855   719.0543403519355   2254.286702536178
19952623.149688788   17.858131368107884   708.3725312826986   2220.7984683478885
20253496.06824971   17.592842447782175   697.8494043026842   2187.8077138403296
20558905.959841404   17.33149448912804   687.4826021327767   2155.3070487751434
20868921.239143338   17.074028947752147   677.2698025120827   2123.2891926986085
21183611.352485   16.820388148959044   667.2087176777251   2091.746973310738
21503046.79340254   16.57051527483148   657.2970938523607   2060.673324858629
21827299.118430037   16.324354351502635   647.532710739313   2030.0612865536532
22156440.963128574   16.081850236617584   637.9133810252102   1999.9040010122021
22490546.058357827   15.842948606980586   628.4369498899938   1970.1947127195226
22829689.2467918   15.60759594638658   619.1012945242353   1940.9267665164734
23173946.499684796   15.375739533632713   609.9043236535936   1912.093606108662
23523394.93388948   15.147327430708474   600.8439770703557   1883.6887725977963
23878112.829131782   14.922308471161065   591.9182251719316   1855.7059030348278
24238179.64554634   14.700632248633594   583.125068506201   1828.1387289945847
24603676.041476272   14.48224910557362   574.4625373236198   1800.9810751715925
24974683.891541433   14.267110122109381   565.9286911359771   1774.2268579967458
25351286.30497907   14.055167105091282   557.5216182817074   1747.87008427453
25733567.644261096   13.846372577296174   549.2394354976601   1721.9048498404904
26121613.543992054   13.640679766792024   541.0802874972322   1696.3253382386451
26515510.93009208   13.438042596460559   533.0423465547656   1671.1258194185439
26915348.039269138   13.238415673675545   525.1238120961192   1646.3006484516818
27321214.43878484   13.041754280134434   517.3229102953246   1621.8442642669838
27733201.04651838   12.84801436184103   509.6378936772312   1597.7511884050705
28151400.15133303   12.657152519236972   502.0670407260559   1574.0160237910322
28575905.433749437   12.469125997479924   494.6086554997503   1550.6334535254473
29006811.98693156   12.28389267686584   487.26106725008447   1527.5982396933114
29444216.337987572   12.101411063394126   480.02263004839836   1504.905222190743
29888216.46959377   11.92164027947218   472.891722416882   1482.5493175690237
30338911.84194272   11.744540054758819   465.86674696536403   1460.5255178959012
30796403.415023934   11.570070717143057   458.9461300334714   1438.8288896337365
31260793.67123956   11.398193183857323   452.1283213381184   1417.454572534353
31732186.638361443   11.228868952722513   445.4117936262286   1396.3977785503023
32210687.912834346   11.062060093523138   438.7950423326156   1375.653790762285
32696404.683430526   10.897729239510621   432.276585242946   1355.2179623225284
33189445.75526103   10.735839579032778   425.85496216171003   1335.0857154138394
33689921.57414906   10.576354847287671   419.5287345851238   1315.2525402241367
34197944.25137087   10.419239318199939   413.29648537889057   1295.7139939362073
34713627.58876975   10.264457796417835   407.1568184607502   1276.4656997324741
35237087.10424869   10.111975609429141   401.1083584877432   1257.5033458145506
35768440.057647504   9.961758599794186   395.1497505481206   1238.8226844373548
36307805.4770101   9.813773117494268   389.2796598578318   1220.4195309575737
36855304.1852479   9.667986012393731   383.49677146152004   1202.289762896267
37411058.82720537   9.52436462681401   377.799789937959   1184.429319015388
37975193.89713323   9.382876788218097   372.187439109871   1166.8341984080444
38547835.76657721   9.243490802003368   366.65846175804154   1149.5004596022225
39129112.71268532   9.106175444401993   361.21161933970285   1132.4242196779057
39719154.94694405   8.970899955486278   355.8456917110787   1115.6016533972288
40318094.64434654   8.837634032278261   350.5594768540653   1099.0289923476037
40926065.97300109   8.706347821961554   345.3517906069676   1082.702524097559
41543205.12418612   8.577011915194001   340.221466399235   1066.6185913651163
42169650.342858225   8.449597339519748   335.1673549901394   1050.773591198531
42805541.95862039   8.324075552879105   330.188324211334   1035.1639741691897
43451022.41715714   8.20041843721489   325.2832587132377   1019.7862435765121
44106236.312143676   8.078598292173686   320.45105971518507   1004.6369546646516
44771330.41763623   7.9585878289007335   315.69064475929054   989.7127138508419
45446453.72095085   7.840360163926954   311.00094746796674   975.0101779651999
46131757.45603791   7.723888813146805   306.3809173050466   960.526053501825
46827395.137359984   7.609147685885589   301.82951934045263   946.257095881025
47533522.59428049   7.496111079054912   297.3457340183639   932.2001087224963
48250298.00597104   7.384753671394905   292.92855692882415   918.3519431293042
48977881.936844565   7.275050517802136   288.5769985827485   904.7094969825118
49716437.372524336   7.16697704374148   284.2900841902617   891.269714246253
50466129.75635277   7.060509039741433   280.06685344234495   878.0295842831811
51227127.02645391   6.9556226559707195   275.90636029570834   864.9861411800276
51999599.65335162   6.852294396895931   271.8076727608771   852.1364630832396
52783720.678157695   6.750501116018133   267.7698726934103   839.4776715444318
53579665.751334175   6.6502200106879235   263.7920555882317   827.006930875602
54387613.172040805   6.5514286169974   259.87333037701063   814.7214475139066
55207743.92807573   6.454104804748037   256.01281922855514   802.618469395874
56040241.73641845   6.358226772493313   252.209657352169   790.6952853409196
56885293.08438413   6.263773042654978   248.46299280393058   778.9492244440148
57743087.27139853   6.170722456711881   244.7719862958497   767.3776554773792
58613816.45140284   6.079054170460265   241.13581100785908   755.9779863010607
59497675.675897986   5.9887476493444565   237.55365240259857   744.7476632822717
60394862.93763794   5.89978266385695   234.02470804295191   733.6841707233538
61305579.21498202   5.812139285006793   230.54818741229252   722.785030298233
62230028.51691589   5.7257978798553175   227.12331173740063   712.0478004972564
63168417.92875149   5.640739107118168   223.74931381401106   701.4700760802684
64120957.65851622   5.556943912832668   220.4254378349514   691.049487537814
65087861.08404086   5.474393526089607   217.15093922083668   680.7837005603526
66069344.80075964   5.393069454828256   213.9250844532714   670.6704155153362
67065628.670227826   5.312953481694135   210.7471509105411   660.7073669320898
68076935.86937417   5.234027659958023   207.6164267057331   650.8923229943078
69103492.94049406   5.156274309495785   204.53221052726957   641.2230850401163
70145529.84199713   5.07967601282785   201.49381148180672   631.6974870695469
71203279.99992026   5.004215611217516   198.50054893946802   622.3133952593352
72276980.36021702   4.929876200827255   195.5517523813771   613.0687074849241
73366871.44183594   4.856641128932081   192.6467612494549   603.9613528495671
74473197.39059888   4.78449399018918   189.78492479844843   594.9892912204285
75596206.03389211   4.713418622962972   186.96560195015812   586.150512771575
76736148.93618186   4.643399105704745   184.18816114982997   577.4430375337554
77893281.45536716   4.574419753386076   181.45198022468125   568.8649149508684
79067862.79998246   4.506465113985248   178.7564462445285   560.4142234430211
80260156.08726265   4.439519965025842   176.10095538448465   552.0890699760755
81470428.40208387   4.373569310166767   173.48491278969752   543.8875896375928
82698950.85679325   4.30859837584292   170.90773244209538   535.8079452190731
83945998.65193965   4.24459260795583   168.36883702911607   527.848326804409
85211851.13792305   4.181537668613283   165.86765781437893   520.0069513644358
86496791.87756921   4.119419432917659   163.40363451028855   512.2820623575334
87801108.70965302   4.058223985801661   160.97621515251905   504.6719293361256
89125093.8133746   3.9979376189113442   158.58485597637386   497.17484755906077
90469043.77381195   3.9385468275352307   156.22902129497416   489.78913760972154
91833259.6483581   3.8800383075791594   153.90818337926126   482.51314501982523
93218047.03416082   3.822398952586044   151.6218223397803   475.3452398988075
94623716.1365793   3.7656158507998954   149.36942601021968   468.283816568709
96050581.83867304   3.7096762822734766   147.15048983268167   461.32729320449124
97498963.77173866   3.6545677160189047   144.964516744656   454.47411147969086
98969186.38691024   3.600277807200601   142.81101706767365   447.72273621734115
100461579.02783926   3.5467943943699396   140.68950839761465   441.07165504607866
101976476.00447163   3.494105496740921   138.59951549664308   434.519378061353
103514216.66793452   3.442199311506442   136.54057018675246   428.06443749168204
105075145.48655507   3.3910642111943172   134.51221124488785   421.7053873698544
106659612.1230259   3.3406887410625647   132.51398429962566   415.44080320901145
108267971.51272984   3.291061616533549   130.54544172939453   409.2692816835639
109900583.94325219   3.242171720666007   128.60614256219904   403.1894403148177
111557815.13508508   3.1940081016648625   126.6956523768426   397.1999171613006
113240036.32355577   3.14655997042782   124.81354320560861   391.29937051366113
114947624.3419833   3.099816698128595   122.9593934383955   385.4864785941252
116680961.70609629   3.0537678138358726   121.13278772826872   379.75993926039405
118440436.69971642   3.008403002167806   119.33331689842254   374.11846971396375
120226443.46174131   2.963712100981185   117.56057785051698   368.56080621275436
122039382.07443209   2.919685099095099   115.81417347438327   363.08570378803023
123879658.6530369   2.87631213404831   114.09371255906605   357.69193596551145
125747685.43676564   2.83358348988994   112.39880970518762   352.37829449062826
127643880.88113435   2.7914895950030316   110.72908523861557   347.1435890578644
129568669.75170216   2.7500210199604367   109.08416512541328   341.98664704411993
131522483.21922377   2.7091684754125174   107.46368088805183   336.9063132460297
133505758.9562368   2.6689228100062223   105.86726952286685   331.901449621185
135518941.23510352   2.6292750083351164   104.29457341874297   326.970935033203
137562481.0275309   2.590216188919869   102.74524027700654   322.11366500058546
139636836.10559362   2.551737602218698   101.21892303250655   317.3285514493011
141742471.14428094   2.5138306286673595   99.71527977586759   312.614522469043
143879857.82558438   2.476486776748354   98.23397367690171   307.97052207312
146049474.94416335   2.439697681088669   96.77467290915214   303.39550996189536
148251808.51459515   2.403455100585934   95.3370505755642   298.8884612897601
150487351.88025144   2.367750916562261   93.92078463525422   294.44836643554777
152756605.823807   2.3325771309456607   92.52555783137244   290.07423077638
155060078.67942458   2.297925864478319   91.15105762003127   285.76507446485147
157398286.44662166   2.2637893549516512   89.79697610029592   281.5199322095451
159771752.90586403   2.230159955467417   88.46300994520833   277.33785305878797
162181009.7358933   2.197030132724807   87.14886033384188   273.2179001876371
164626596.6328297   2.1643924653328863   85.85423288436156   269.1591506880188
167109061.43107036   2.1322396421481153   84.578837588079   265.16069536198626
169628960.22600818   2.1005644606366047   83.32238874448842   261.22163851805306
172186857.49860096   2.0693598252606944   82.08460489726782   257.3410977705516
174783326.24182174   2.0386187458894707   80.8652087712294   253.51820384196876
177418948.0890168   2.008334336232889   79.6639272102064   249.75210036821645
180094313.44419196   1.9784998122992319   78.48049111586556   246.04194370680446
182810021.61427447   1.9491084908753737   77.31463538742447   242.38690274785
185566680.94335732   1.9201537880297357   76.16609886226864   238.78615872790758
188364908.9489802   1.891629217637365   75.03462425744631   235.23890504655165
191205332.4604531   1.8635283899270416   73.91995811203708   231.74434708569788
194088587.75927794   1.8358450100498507   72.82185073037186   228.30170203159372
197015320.7216756   1.8085728766691338   71.7400561261011   224.91019869946808
199986186.96327448   1.7817058805712767   70.67433196708915   221.56907736077164
203001851.98596886   1.7552380032972354   69.62443952113169   218.2775895729965
206062991.32700005   1.729163315794326   68.59014360247657   215.03499801201585
209170290.71028474   1.7034759770880457   67.57121251913938   211.8405763069142
212324446.20002192   1.6781702329736545   66.567418021003   208.69360887727552
215526164.35661614   1.6532404147271917   65.57853524868774   205.59339077288809
218776162.3949552   1.6286809378356175   64.60434268318045   202.53922751582775
222075168.34507486   1.604486300745813   63.64462209621137   199.53043494488566
225423921.2152428   1.5806510836321985   62.69915850136985   196.56633906231278
228823171.15750137   1.5571699471826497   61.767740105945435   193.64627588283852
232273679.6357105   1.5340376314024327   60.8501582634842   190.76959128493095
235776219.5961257   1.5112489544358951   59.94620742704906   187.93564086426477
239331575.6405385   1.4887988114057245   59.05568510317696   185.14378978937395
242940544.20204243   1.4666821732693611   58.17839180651671   182.3934126594377
246603933.7234336   1.4448940856924937   57.31413101514422   179.6838933641911
250322564.83831742   1.4234296679391916   56.4627091265378   177.01462494590402
254097270.55493012   1.4022841117786242   55.62393541421134   174.38500946342324
257928896.44274873   1.3814526804079232   54.79762198498783   171.79445785822193
261818300.8218981   1.3609307073911434   53.98358373691149   169.24238982245134
265766354.95543116   1.340713595613888   53.18163831778128   166.72823366893974
269773943.2444926   1.3207968162535544   52.39160608430391   164.251426203135
273841963.4264361   1.301175907764817   51.61331006185138   161.811412596941
277971326.77592826   1.2818464748801894   50.8465759048166   159.40764626443016
282162958.30908036   1.2628041876254537   50.091231857558725   157.03958873940368
286417796.9906586   1.2440447803497137   49.34710871592865   154.70670955477206
290736795.9444227   1.2255640507698462   48.614039789365535   152.4084861237239
295120922.6666378   1.207357859029129   47.89186086355576   150.14440362266004
299571159.24279946   1.189422126769893   47.180410163648084   147.91395487586993
304088502.5676283   1.1717528362199396   46.47952831801486   145.71664024192077
308673964.56838566   1.1543460292925098   45.789058322550886   143.5519675017314
313328572.4315589   1.1371978066996236   45.10884550550244   141.41945174830937
318053368.8329517   1.120304327078635   44.43873749282067   139.31861527813098
322849412.1712638   1.1036618061316945   43.77858417402702   137.24898748412687
327717776.8051715   1.0872665157780668   43.128237668588326   135.21010475026594
332659553.2940047   1.071114783318969   42.48755229278887   133.20151034769657
337675848.64203197   1.0552029906148896   41.85638452709736   131.22275433243985
342767786.5464505   1.0395275732750529   41.23459298401558   129.27339344459284
347936507.6490936   1.024085019858999   40.622038376407865   127.3529910090391
353183169.791957   1.008871871089955   40.01858348629806   125.4611168376251
358508948.27655566   0.9938847190799504   39.4240931341325   123.59734713279727
363915036.1272071   0.9791202065664082   38.83843414849804   121.7612643926661
369402644.3582826   0.9645750261600794   38.261475336290225   119.95245731748099
374973002.2454834   0.9502459196041622   37.69308745332495   118.17052071749583
380627357.60120636   0.9361296770444321   37.133143175386984   116.41505542220398
386366977.0540689   0.9222231363101957   36.58151706970777   114.68566819091934
392193146.332649   0.9085231822059265   36.03808556686705   112.98197162468554
398107170.5534969   0.8950267458134411   35.50272693311243   111.30358407949623
404110374.5134908   0.8817308038044382   34.975321243090164   109.65012958080398
410204102.9866064   0.8686323777632401   34.45575035298051   108.02123773929753
416389721.02516425   0.8557285335195851   33.94389787403192   106.41654366792982
422668614.2656024   0.8430163804913742   33.43964914648989   104.83568790018293
429042189.2388857   0.8304930710371234   32.942891213910976   103.2783163095408
435511873.6855679   0.8181557998180948   32.453512797860576   101.74408003016492
442079116.87563306   0.8060018031698449   31.97140427298447   100.23263537874176
448745389.9331314   0.7940283584831667   31.496457642452746   98.74364377749781
455512186.16573924   0.7822327835941723   31.02856651376648   97.27677167835184
462381021.3992594   0.7706124361834883   30.56762607492578   95.83169048819977
469353434.3171951   0.7591647131843284   30.11353307095001   94.40807649530423
476430986.8054166   0.7478870501994014   29.666185780748485   93.0056107967823
483615264.3020435   0.7367769209264541   29.225483994333665   91.62397922716738
490907876.1526019   0.72583183659235   28.79132899037294   90.26287228803231
498310455.97052926   0.7150493453955659   28.363623514074348   88.92198507865967
505824662.00311476   0.7044270319569723   27.942271755400846   87.60101722774174
513452177.5029663   0.6939625167787596   27.52717932760771   86.29967282609394
521194711.1050811   0.6836534557113989   27.118253246098657   85.01766036036723
529053997.2095814   0.6734975394285516   26.715401907597276   83.75469264774891
537031796.3702532   0.6634924929097358   26.31853506962611   82.51048677162818
545129895.68891   0.6536360749307217   25.92756383029234   81.28476401822287
553350109.2157371   0.6439260775614561   25.542400608372116   80.0772498141423
561694278.3556387   0.6343603256714854   25.162959123692367   78.88767366488285
570164272.2807478   0.6249366764426856   24.789154377802397   77.71576909423214
578761988.3491197   0.6156530188892716   24.42090263493428   76.56127358457836
587489352.5297769   0.6065072733848959   24.058121403244392   75.42392851810128
596348319.8341275   0.5974973911968114   23.700729416335264   74.30347911884182
605340874.7539136   0.5886213540269267   23.348646615050733   73.19967439562865
614469031.7057601   0.5798771735596854   23.00179412954185   72.1122670858534
623734835.4824191   0.5712628910166685   22.6600942615994   71.04101360008207
633140361.710817   0.5627765767178153   22.323470467249074   69.98567396748933
642687717.3170193   0.5544163296491509   21.991847339604558   68.94601178210206
652379040.9982074   0.546180277036938   21.665150591975642   67.92179414984186
662216503.7017615   0.5380665739281622   21.343307041227426   66.91279163635502
672202309.1115676   0.5300734027772491   21.0262445913868   65.91877821561766
682338694.141669   0.5221989730389135   20.713892217492063   64.93953121930319
692627929.4373641   0.5144415207670533   20.406179949682457   63.97483128690179
703072319.8838327   0.5067993082196244   20.10303885752483   63.02446231658342
713674205.1224748   0.49927062346935297   19.804401034571896   62.08821141678682
724435960.0749891   0.4918537800202646   19.51019958315123   61.165868858531994
735359995.4754008   0.484547116429877   19.220368599378915   60.25722802843682
746448758.4100654   0.4773489959370373   18.93484315839707   59.362085382435765
757704732.8658625   0.4702578060952564   18.653559299829467   58.48024040018222
769130440.2866082   0.4632719584115217   18.37645401345443   57.61149554013175
780728440.1379069   0.4563898879904433   18.103465225089305   56.75565619528923
792501330.4804734   0.44961005318371794   17.83453178268584   55.91253064961672
804451748.5521322   0.4429309352447779   17.569593442631287   55.08193003508644
816582371.3585906   0.43635103798857483   17.30859085625315   54.263668289372184
828895916.2731059   0.4298688874564238   17.05146555652467   53.45756211417012
841395141.6451964   0.4234830315858256   16.798159944967765   52.66343093413852
854082847.418544   0.4171920398851887   16.548617278750346   51.881096856446945
866961875.7582144   0.41099450311338204   16.302781657975235   51.110384630926106
880035111.6873221   0.4048890329640537   16.060598013158145   50.35112161081043
893305483.7332963   0.39887426175464313   15.822012092891846   49.60313771406425
906775964.583904   0.3929488421200018   15.586970451693094   48.8662653852813
920449571.7531722   0.3871114467105676   15.355420438030214   48.14033955815004
934329368.2573129   0.3813607678950361   15.12731018252908   47.42519761847877
948418463.3008978   0.3756955174674272   14.902588586353428   46.720679367766955
962720012.9733186   0.37011442635852637   14.681205309758665   46.02662698732072
977237220.9558111   0.3646162443515901   14.463110760814876   45.34288500289854
991973339.2390798   0.3591997398022967   14.248256084298195   44.66930024988501
1006931668.8518044   0.35386369936283524   14.036593150746333   44.00572183897907
1022115560.6000704   0.34860692771011553   13.828074545677595   43.35200112239485
1037528415.8180126   0.34342824727799304   13.622653558969091   42.707991660561696
1053173687.1297182   0.3383264979934936   13.420284174393696   42.07354918932168
1069054879.2226577   0.333300537016941   13.22092105931175   41.44853158761241
1085175549.632778   0.3283492384859481   13.024519554516047   40.83279884563027
1101539309.5414145   0.32347149326321567   12.831035664227855   40.226213033467374
1118149824.584221   0.3186662086880778   12.640426046241561   39.62863827021416
1135010815.6723144   0.3139323083317331   12.452648002215485   39.03994069352051
1152126059.825804   0.309268731756112   12.26765946810698   38.45998842960906
1169499391.01987   0.3046744342763313   12.085419004749767   37.888651563734456
1187134701.0436   0.3001483867266772   11.90588578857128   37.32580211108166
1205035940.3717961   0.29568957523006045   11.729019602447718   36.77131398809571
1223207119.0499325   0.2912970009708942   11.554780826694861   36.2250629842375
1241652307.5924094   0.2869696799713588   11.383130430193244   35.686926734160394
1260375637.8944259   0.2827066428709719   11.21402996164444   35.15678469029814
1279381304.1575227   0.27850693470945204   11.047441540957978   34.634518095862184
1298673563.8291643   0.2743696147127893   10.883327850765488   34.120009958237965
1318256738.5564048   0.2702937560825121   10.721652128061596   33.61314502277853
1338135215.1540198   0.2662784457880669   10.562378155968343   33.11380974698533
1358313446.5871513   0.26232278436229933   10.405470255622598   32.621892275074714
1378795952.9688573   0.2584258856999568   10.250893278183314   32.13728241292013
1399587322.5726206   0.25458687685919984   10.098612596958166   31.659871603368533
1420692212.8601816   0.2508048978660518   9.948594099646701   31.189552901922166
1442115351.5248652   0.24707910152175455   9.800804180698801   30.72622095278173
1463861537.550617   0.24340865321299035   9.655209733786794   30.269771965245962
1485935642.287009   0.23979273072492208   9.51177814438941   29.820103690461753
1508342610.540479   0.23623052405700798   9.370477282485753   29.377115398519283
1531087461.6820319   0.23272123524155075   9.231275495357737   28.940707855887158
1554175290.7715833   0.22926407816495173   9.094141600499857   28.51078330318393
1577611269.69935   0.2258582783916073   8.959044878633728   28.087245433278326
1601400648.344352   0.2225030729904348   8.825955066826966   27.669999369716308
1625548755.7504852   0.21919771036396152   8.694842351713692   27.258951645466983
1650061001.3202252   0.21594145007996768   8.5656773628164   26.854010181986094
1674942876.0264382   0.21273356270561472   8.438431165966355   26.455084268588557
1700199953.642355   0.20957332964405304   8.31307525682238   26.06208454212938
1725837891.990204   0.20646004297344245   8.189581554485327   25.67492296698455
1751862434.2085683   0.20339300528837734   8.067922395207948   25.29351281533107
1778279410.0389228   0.20037152954365808   7.9480705261978235   24.917768647718656
1805094737.1315649   0.1973949389003856   7.82999909951245   24.54760629393043
1832314422.371211   0.19446256657434435   7.713681666045095   24.182942834128134
1859944563.2225792   0.19157375568663795   7.599092169600014   23.82369658027751
1887991349.0962925   0.18872785911654077   7.486204941055558   23.46978705784923
1916461062.7353814   0.18592423935653524   7.374994692613997   23.121134987791706
1945360081.6226614   0.18316226836950542   7.265436512136853   22.777662268771888
1974694879.409334   0.18044132744805289   7.157505857564441   22.439291959680183
2004472027.3651593   0.17776080707589836   7.051178551418127   22.10594826239464
2034698195.8505082   0.1751201067913425   6.946430775384267   21.777556504801193
2065380155.810527   0.17251863505276194   6.843239064978905   21.454043124067113
2096524780.2919602   0.1699558091060925   6.74158030429125   21.13533565016142
2128139045.9827092   0.1674310548542926   6.641431720805734   20.8213626896217
2160230034.774744   0.16494380672873457   6.542770880300541   20.512053909560596
2192804935.3504453   0.16249350756251735   6.445575681822332   20.20734002191122
2225871044.7930055   0.1600796084656506   6.349824352735221   19.907152767905373
2259435770.2209735   0.15770156870210347   6.255495443843717   19.61142490278354
2293506630.447591   0.15535885556866944   6.162567824587675   19.3200901807308
2328091257.665013   0.15305094427564017   6.0710206783090515   19.03308334003776
2363197399.154016   0.15077731782924608   5.9808334975886925   18.75034008848096
2398832919.019485   0.14853746691584346   5.891986079652433   18.4717970889208
2435005799.9520235   0.14633088978782446   5.804458521845532   18.19739194511346
2471724145.0161343   0.1441570921512227   5.718231217174342   17.927063187733786
2508996179.465399   0.1420155870549849   5.6332848499141095   17.6607502606054
2546830252.585034   0.1399058947818887   5.549600391282029   17.398393507135406
2585234839.5621886   0.1378275427410824   5.467159095174656   17.139934156950922
2624218543.3844447   0.13578006536222126   5.385942493968659   16.885314312734064
2663790096.766987   0.13376300399117422   5.305932394383837   16.63447693725229
2703958364.108846   0.1317759067872798   5.227110873407614   16.387365840581328
2744732343.4785323   0.12981832862213286   5.1494602742802424   16.143925667518577
2786121168.629772   0.1278898309798676   5.072963202539366   15.904101885182449
2828134111.0474696   0.12598998185893037   4.997602522123669   15.66784077079708
2870780582.024692   0.12411835567530259   4.923361351534059   15.435089399657356
2914070134.7708   0.12227453316717041   4.85022306005222   15.205795633273825
2958012466.5515466   0.120458101301002   4.77817126401503   14.97990810769267
3002617420.8612614   0.1186686531790281   4.7071898231446   14.757376221990194
3047894989.627983   0.11690578794808931   4.637262836932566   14.538150126937259
3093855315.4516582   0.11516911070984451   4.568374641078351   14.322180713833015
3140508693.8762164   0.11345823243230835   4.500509803980152   14.109419603503895
3187865575.695893   0.11177276986270385   4.433653123278095   13.899819135466124
3235936569.296281   0.11011234544161076   4.367789622448783   13.693332357249437
3284732443.030683   0.10847658721838992   4.302904547450469   13.489913013879399
3334264127.632347   0.10686512876786171   4.23898336341796   13.289515537515756
3384542718.6630826   0.10527760910822256   4.176011751406642   13.092095037244661
3435579478.998743   0.10371367262018252   4.11397560518494   12.897607289022845
3487385841.352187   0.10217296896730411   4.052861028074423   12.706008725771103
3539973410.8343425   0.10065515301752281   3.992654329836782   12.517256427614754
3593353967.5539007   0.0991598847658328   3.933342023607032   12.331308112269024
3647539469.256073   0.09768682925812584   3.874910822872458   12.148122125567788
3702542054.001352   0.09623565651615494   3.8173476384961695   11.967657432132254
3758374042.8844357   0.09480604146361944   3.760639575785143   11.789873606179007
3815047942.794385   0.09339766385334174   3.704773931601565   11.614730822463915
3872576449.2161646   0.09201020819553188   3.6497381915173324   11.442189847361254
3930972449.074674   0.09064336368711196   3.595520027010579   11.272212030074638
3990249023.6214123   0.08929682414209635   3.5421072927040993   11.104759293979248
4050419451.3649306   0.08797028792300006   3.4894880236445402   10.939794128091947
4111497211.0452294   0.08666345787327184   3.4376504326222523   10.777279578668807
4173495984.653169   0.0853760412507271   3.386582907530792   10.61717924092692
4236429660.4954004   0.0841077496619703   3.33627400876568   10.459457250889393
4300312336.305441   0.08285829899779275   3.2867124666618452   10.304078277351485
4365158322.401666   0.08162740936953031   3.237887178969146   10.15100751396622
4430982144.892984   0.08041480504636483   3.18978720836533   10.000210671447347
4497798548.932884   0.07922021439355706   3.142401780005937   9.851653969888082
4565622502.022352   0.0780433698116   3.095720279110719   9.705304131194366
4634469197.3628845   0.07688400767627172   3.0497322485857308   9.56112837162998
4704354057.259755   0.07574186827958355   3.004427386680943   9.419094394472962
4775292736.576912   0.07461669577160047   2.9597955446824513   9.279170382780537
4847301126.243654   0.07350823810313084   2.915826724639174   9.141324992262131
4920395356.814511   0.07241624696926265   2.8725110771231126   9.005527344257658
4994591802.082475   0.07134047775374319   2.829838899023089   8.871747018820699
5069907082.747045   0.0702806894741804   2.787800631371059   8.739954047903863
5146358070.13728   0.06923664472806262   2.7463868572009003   8.610118908645914
5223961889.991198   0.06820810963957727   2.7055882994388827   8.482212516758263
5302735926.292132   0.06719485380721996   2.6653958188255   8.356206220009755
5382697825.162882   0.0661966502521829   2.6258004118682097   8.232071791808345
5463865498.818551   0.06521327536751023   2.586793208824591   8.109781424878186
5546257129.579104   0.06424450886800719   2.5483654717154107   7.989307725030441
5629891173.942418   0.06329013374089373   2.51050859236722   7.870623705026647
5714786366.718666   0.06234993619719224   2.473214090484061   7.753702778533433
5800961725.227046   0.061423705623837206   2.4364736117478216   7.638518754166957
5888436553.555884   0.06051123453649542   2.4002789259467696   7.5250458296257445
5977230446.886999   0.05961231853308686   2.3646219251318787   7.413258585910633
6067363295.885047   0.05872675624799833   2.329494621800639   7.303131981630891
6158855291.153401   0.05785434930697382   2.294889147107706   7.194641347394473
6251726927.756849   0.05699490228267872   2.260797749102283   7.0877623802820855
6345999009.812872   0.056148222650920315   2.2272127909915307   6.98247113840286
6441692655.151762   0.05531412074752244   2.1941267494299344   6.878744035531384
6538829300.0474205   0.054492409725837125   2.1615322128339263   6.776557835823937
6637430704.019075   0.05368290551489107   2.129421879721699   6.675889648613672
6737518954.705829   0.052885426778150016   2.0977885570775254   6.576716923282655
6839116472.814306   0.052099794872899445   2.066625158740527   6.479017444210534
6942246017.14119   0.05132583381022614   2.035924703817273   6.382769325797912
7046930689.6714525   0.05056337021559458   2.0056803151179814   6.287951007563747
7153193940.75337   0.04981223329001001   1.9758852176159853   6.194541249315648
7261059574.351559   0.04907225477175808   1.9465327369300682   6.102519126391912
7370551753.379339   0.04834326889871231   1.9176162978293367   6.011864024974164
7481695005.111523   0.04762511237120145   1.889129422760282   5.922555637469613
7594514226.678687   0.046917624315429195   1.861065730395767   5.834573957962015
7709034690.644308   0.04622064624743731   1.8334189342055651   5.747899277730204
7825282050.666111   0.0455340220376034   1.8061828410481002   5.662512180833105
7943282347.242822   0.04485759787566575   1.7793513497831037   5.578393539760313
8063062013.547266   0.044191222236269874   1.7529184499049573   5.495524511147521
8184647881.347903   0.043534745845023724   1.7268782201962183   5.413886531555234
8308067187.019132   0.042888021645060434   1.7012248274012742   5.333461313310568
8433347577.642756   0.04225090476409471   1.6759525249195817   5.254230840410469
8560517117.200932   0.04162325248197147   1.6510556515184254   5.1761773644861275
8689604292.86302   0.04100492419869387   1.6265286300646997   5.099283400827009
8820638021.366713   0.04039578140292889   1.602365966275628   5.023531724464278
8953647655.495937   0.03979568764097818   1.5785622474879433   4.94890536631209
9088662990.655895   0.03920450848621232   1.555112141445441   4.875387609366486
9225714271.547628   0.03862211150895749   1.5320103951044906   4.802961984960576
9364832198.943184   0.0380483662468296   1.5092518334572846   4.731612269075353
9506047936.562809   0.037483144175509985   1.4868313583726092   4.661322478705421
9649393118.055834   0.03692631867995484   1.4647439474538186   4.592076868278661
9794899854.08698   0.03637776502603216   1.4429846529137678   4.523859926129063
9942600739.529537   0.03583736033257964   1.4215486004664413   4.456656371021913
10092528860.766834   0.03530498354387859   1.400430988235085   4.3904511487307
10244717803.103823   0.03478051540253655   1.379627085676552   4.325229428664864
10399201658.290579   0.034263838422772176   1.3591322325216018   4.260976600547556
10556015032.15926   0.03375483686409713   1.3389418377309465   4.197678271142781
10715193052.376093   0.033253396705389245   1.3190513784668236   4.1353202610311905
10876771376.310003   0.03275940561935163   1.2994563990798715   4.073888601433869
11040786199.020712   0.03227275294734873   1.2801525101109603   4.013369531083008
11207274261.366478   0.03179332967461866   1.261135387307948   3.953749493139358
11376272858.234333   0.03132102840585308   1.2424007706570153   3.8950151321554016
11547819846.894583   0.030855743341139233   1.2239444634283654   3.837153291083552
11721953655.48128   0.03039737025225965   1.2057623312361154   3.780151008328839
11898713291.600403   0.029945806459344283   1.1878503011121617   3.7239955148454222
12078138351.067823   0.029500950807869415   1.1702043605938033   3.6686742312762117
12260269026.779228   0.02906270364599799   1.1528205568249092   3.614174765134981
12445146117.713818   0.028630966802256276   1.1356949956704263   3.5604849080302654
12632811038.073555   0.028205643563542895   1.11882384084407   3.507592632930627
12823305826.56023   0.02778663865346433   1.1022033130489675   3.4554860914704997
13016673155.792633   0.027373858210991968   1.0858296891310515   3.404153611296024
13212956341.865711   0.02696720976943604   1.0696993012450284   3.353583693450294
13412199354.053696   0.0265666022357325   1.0538085360327571   3.30376500979752
13614446824.65951   0.026171945870037516   1.0381538338138314   3.25468640048544
13819744059.012934   0.025783152265624706   1.022731687788169   3.206336871445387
14028137045.619589   0.025400134329080844   1.0075386432504414   3.158705591929465
14239672466.462465   0.02502280626079681   0.992571296816216   3.111781892084455
14454397707.45928   0.02465108353574729   0.977826295659551   3.0655552605616117
14672360869.077496   0.024284882884556252   0.9633003367619235   3.020015342162006
14893610777.109154   0.02392412227484394   0.9489901661723295   2.9751519355168874
15118196993.608198   0.023568720892851145   0.9348925782783796   2.930954990802513
15346169827.99294   0.023218599125335884   0.9210044150881994   2.8874146074888514
15577580348.315987   0.022873678541739155   0.9073225655230056   2.8445210321217633
15812480392.703827   0.02253388187661589   0.8938439647202001   2.802264656138154
16050922580.968931   0.022199133012327038   0.8805655933468223   2.7606360137135884
16292960326.397215   0.021869356961988225   0.8674844769231802   2.719625779641834
16538647847.713238   0.021544479852671872   0.8545976851565332   2.6792247672459055
16788040181.22559   0.021224428908859123   0.8419023312846867   2.6394239263201866
17041193193.155394   0.020909132436137613   0.8293955714293353   2.6002143411031176
17298163592.150997   0.020598519805141095   0.8170746039590029   2.5615872282799668
17559008941.991386   0.020292521435727608   0.8049366688614419   2.523533935015251
17823787674.480873   0.019991068781393055   0.7929790471253733   2.486045937014455
18092559102.53822   0.01969409431391632   0.7811990601314085   2.4491148366145232
18365383433.483437   0.01940153150823211   0.769594069052006   2.412732360902682
18642321782.525   0.019113314827528514   0.7581614742603405   2.376890359863204
18923436186.4498   0.01882937970856661   0.7468987147479825   2.341580804551785
19208789617.520164   0.018549662547217436   0.7358032675511956   2.306795785296959
19498445997.580414   0.018274100684213947   0.724872647185766   2.2725275099282314
19792470212.375793   0.018002632391114878   0.7141044050902349   2.238768302030585
20090928126.08732   0.01773519685647719   0.7034961290774063   2.2055105992249127
20393886596.08614   0.017471734172233497   0.6930454427939841   2.172746951473944
20701413487.91037   0.017212185320272057   0.6827500051882452   2.1404700194133595
21013577690.46747   0.01695649215921624   0.6726075099856257   2.1086725727077162
21330449131.465794   0.016704597411400467   0.6626156851720991   2.077347488430804
21652098793.079266   0.016456444650039353   0.6527722924852198   2.0464877494700278
21978598727.848186   0.016211978286587426   0.6430751269127243   2.016086442954488
22310022074.81954   0.015971143558286913   0.6335220161985942   1.9861367587064531
22646443075.93062   0.0157338865159005   0.6241108203564549   1.9566319877158287
22987937092.640114   0.015500154011626051   0.6148394311901945   1.927565520637263
23334580622.809948   0.015269893687190906   0.6057057718217013   1.8989308463095749
23686451317.841366   0.015043053962123246   0.5967077962256311   1.870721550297206
24043628000.069347   0.014819584022197702   0.5878434887710812   1.8429313134533478
24406190680.41976   0.014599433808052367   0.5791108637700657   1.8155539105043734
24774220576.332863   0.014382554003974875   0.5705079650326964   1.7885832086552969
25147800129.956142   0.014168896026855539   0.5620328654289914   1.762013166216013
25527013026.612473   0.01395841201530414   0.5536836664571732   1.7358378312478846
25911944213.54657   0.01375105481892838   0.5454584978183816   1.710051340230432
26302679918.953815   0.013546777987771874   0.5373555169977139   1.6846479167478667
26699307671.295937   0.01334553576190906   0.5293729088514892   1.6596218701951355
27101916318.908417   0.013147283061194405   0.5215088852006345   1.6349675945031548
27510596049.90358   0.012951975475163932   0.5137616844301109   1.6106795668829867
27925438412.373363   0.012759569253086965   0.5061295710942997   1.5867523465886941
28346536334.89671   0.012570021294165686   0.49861083552825264   1.5631805736985807
28773984147.356667   0.01238328913787999   0.4912037934647027   1.5399589679144978
29207877602.071404   0.012199330954475895   0.4839067856567726   1.5170823273790013
29648313895.243393   0.01201810553559534   0.476718177506289   1.4945455275100976
30095391688.73204   0.011839572285045246   0.46963635869762277   1.4723435198533004
30549211132.15509   0.011663691209703475   0.46265974283695815   1.4504713309507182
31009873885.323334   0.011490422910559921   0.455786767096923   1.428924061226942
31477483141.013237   0.011319728573890782   0.4490158918665012   1.407696883891498
31952143648.08222   0.011151569962564284   0.4423456004061604   1.3867850438576454
32433961734.934868   0.010985909407474624   0.43577439850806426   1.3661838566771214
32923045333.340656   0.010822709799104052   0.42930081416136934   1.3458887074908186
33419504002.611496   0.010661934579210074   0.4229233972224829   1.325895049995025
33923448954.144325   0.010503547732635917   0.4166407190902128   1.3061984054229896
34434993076.33377   0.010347513779242767   0.41045137238574486   1.2867943615416342
34954250959.85996   0.010193797765961927   0.4043539706373798   1.2676785716631769
35481338923.357605   0.010042365258965113   0.3983471479699539   1.2488467536714474
36016375039.47273   0.009893182335950854   0.39242955879886715   1.230294689062639
36559479161.31239   0.009746215578545511   0.38659987752865577   1.212018222000317
37110772949.292564   0.009601432064817325   0.3808567982560506   1.1940132583844816
37670379898.39093   0.009458799361901648   0.37519903447744457   1.1762757649344597
38238425365.811226   0.009318285518735658   0.3696253188007019   1.1588017682854044
38815036599.064705   0.009179859058900872   0.3641344026612458   1.1415873540982109
39400342764.4745   0.009043488973572265   0.3587250560423729   1.124628666182683
39994474976.10978   0.008909144714572059   0.35339606719972017   1.1079219056337153
40597566325.15678   0.008776796187526562   0.3481462423898196   1.0914633299802945
41209751909.73304   0.008646413745124659   0.3429744056026854   1.075249252347138
41831168865.14965   0.008517968180476712   0.337879398298383   1.0592760406288249
42461956394.6313   0.008391430720571885   0.3328600791475035   1.0435401166761584
43102255800.49948   0.008266773019832615   0.3279153237754909   1.0280379554946175
43752210515.82521   0.008143967153765018   0.32304402451077474   1.0127660844547333
44411966136.55898   0.008022985612703619   0.3182450901366446   0.9977210825141974
45081670454.146   0.007903801295648834   0.3135174456468032   0.982899579451506
45761473488.63324   0.007786387504196055   0.3088600320045541   0.9682982551109923
46451527522.274925   0.0076707179365550085   0.3042718059055686   0.953913838659087
47151987133.64485   0.007556766681657972   0.29975173954417944   0.9397431078516296
47863009232.2638   0.007444508213355396   0.2952988203831396   0.9257828883120502
48584753093.74911   0.007333917384697717   0.2909120509268014   0.9120300528202641
49317380395.493546   0.007224969422302322   0.2865904484976724   0.8984815206121626
50061055252.88215   0.0071176399208040825   0.28233304501628714   0.8851342566894932
50815944256.056   0.0070119048373882935   0.27813888678434645   0.871985271139988
51582216507.2304   0.00690774048640479   0.2740070342710774   0.8590316184675847
52360043658.57495   0.0068051235340622065   0.26993656190277315   0.8462703969326195
53149599950.664825   0.006704030993201027   0.26592655785545605   0.8336987479018121
53951062251.51268   0.00660444021814422   0.2619761238506203   0.8213138552079037
54764610096.18943   0.006506328899624279   0.25808437495400455   0.8091129445187938
55590425727.04048   0.0064096750597859185   0.2542504393773649   0.7970932827160863
56428694134.510376   0.006314457047262743   0.2504734582831837   0.785252177282836
57279603098.5828   0.006220653532327091   0.24675258559227892   0.7735869757003925
58143343230.84471   0.006128243502112018   0.24308698779427715   0.7620950648542153
59020108017.18454   0.00603720625590428   0.2394758437609015   0.7507738704485223
59910093861.13537   0.00594752140050712   0.2359183445620287   0.7396208564296136
60813500127.871635   0.005859168845671955   0.23241369328447953   0.7286335244177681
61730529188.86834   0.005772128799598018   0.2289611048535048   0.717809413147586
62661386467.23363   0.005686381764498859   0.22555980585692262   0.7071460979166507
63606280483.725975   0.00560190853223462   0.222209034371866   0.6966411900423678
64565422903.46536   0.005518690180009161   0.21890803979410192   0.6862923363268676
65539028583.34768   0.005436708066131252   0.21565608266989167   0.6760972185298775
66527315620.174194   0.005355943825838676   0.2124524345303474   0.6660535528494165
67530505399.50779   0.005276379367184329   0.2092963777282471   0.6561590894101977
68548822645.26592   0.005197996866983399   0.2061872052772729   0.646411611759632
69582495470.06042   0.005120778766820842   0.2031242206936408   0.6368089363713219
70631755426.29623   0.005044707769118195   0.20010673784008431   0.627348912155942
71696837558.04187   0.004969766833258697   0.19713408077215103   0.6180294199793669
72777980453.68242   0.004895939171769969   0.19420558358678214   0.6088483721879571
73875426299.3638   0.004823208246563601   0.1913205902731493   0.5998037121409221
74989420933.24559   0.004751557765230382   0.1884784545656991   0.5908934137496038
76120213900.57167   0.004680971677390635   0.18567853979938262   0.5821154810236119
77268058509.57022   0.004611434171098792   0.1829202187670372   0.5734679476237038
78433211888.19633   0.004542929669301432   0.1802028735788885   0.5649488764213157
79615935041.73184   0.0044754428263478205   0.17752589552413514   0.5565563590646191
80816492911.25351   0.004408958524552314   0.17488868493459087   0.5482885155510295
82035154432.98177   0.0043434618708078875   0.17229065105035468   0.5401434938060727
83272192598.5242   0.004278938193249974   0.16973121188747595   0.532119469268506
84527884516.02892   0.004215373037969796   0.1672097941075838   0.5242146444815959
85802511472.26004   0.004152752165776524   0.16472583288945222   0.5164272486904672
87096358995.60797   0.004091061549007587   0.1622787718024762   0.5087555374454397
88409716920.04962   0.004030287368386396   0.15986806268202775   0.5011977922112618
89742879450.07472   0.0039704160099266386   0.1574931655066596   0.4937523199821355
91096145226.59105   0.003911434061882607   0.1551535482771352   0.4864174529024653
92469817393.82248   0.0038533283117448544   0.15284868689725606   0.47919154789324475
93864203667.21356   0.003796085743280566   0.1505780650564634   0.47207298628400424
95279616402.36502   0.003739693533617631   0.1483411741141727   0.4650601734501905
96716372665.00188   0.0036841390503722943   0.14613751298583758   0.4581515384559696
98174794301.99864   0.0036294098488194038   0.14396658803070272   0.4513455337023245
99655208013.47682   0.003575493669104645   0.14182791294122257   0.4446406345803737
101157945425.98962   0.0035223784334981914   0.13972100863412273   0.43803533912984277
102683343166.80861   0.0034700522436892063   0.13764540314308213   0.4315281677026126
104231742939.33058   0.003418503378120536   0.13560063151300877   0.42511766263126904
105803491599.62303   0.0033677202893629484   0.13358623569588485   0.41880238790256863
107398941234.12418   0.0033176916015283707   0.13160176444815838   0.41258092883575376
109018449238.51268   0.003268406107721608   0.12964677322966153   0.406451891765655
110662378397.76675   0.0032198527675299225   0.12772082410403032   0.4004139037304995
112331096967.43231   0.0031720207045498566   0.12582348564060222   0.39446561216435305
114024978756.1165   0.003124899203950778   0.12395433281776995   0.3886056845941274
115744403209.22354   0.003078477710074697   0.12211294692777423   0.38283280834109834
117489755493.95303   0.003032745824071715   0.12029891548290998   0.37714569022685623
119261426585.58195   0.0029876933015705646   0.1185118321231244   0.37154305628361833
121059813355.0483   0.002943310050383736   0.11675129652498693   0.3660236514688439
122885318657.85089   0.0028995861282468064   0.115016914312016   0.36058623938410217
124738351424.29433   0.00285651174059124   0.11330829696633353   0.35522960199810233
126619326751.09418   0.002814077238350297   0.11162506174163245   0.34995253937384085
128528665994.36154   0.0027722731157975634   0.10996683157743865   0.34475386939980684
130466796863.98976   0.0027310900084176145   0.10833323501464703   0.3396324275251809
132434153519.46643   0.002690518690808244   0.10672390611231022   0.33458706649896225
134431176667.13025   0.002650550074613874   0.10513848436566346   0.3296166561129708
136458313658.89238   0.002611175206489688   0.10357661462536896   0.3247200829486725
138516018592.44638   0.0025723852660960306   0.10203794701796008   0.31989625012776585
140604752412.9913   0.0025341715641225416   0.10052213686746553   0.3151440770664687
142724983016.48898   0.0024965255403416493   0.09902884461819787   0.31046249923345437
144877185354.476   0.002459438761691021   0.09755773575869067   0.30585046791138887
147061841540.45618   0.0024229029203844932   0.09610848074676552   0.30130694996201157
149279440957.89944   0.00238690983205104   0.094680754935711   0.2968309275946997
151530480369.8697   0.002351451433901366   0.09327423850155757   0.2924213981384714
153815464030.30325   0.002316519782921793   0.09188861637143514   0.2880773738173804
156134903796.96512   0.0022821070540949657   0.0905235781529943   0.2837978815292471
158489319246.11108   0.0022482055386469574   0.08917881806487489   0.27958196262767254
160879237788.8798   0.002214807642320406   0.08785403486820702   0.275428672707289
163305194789.4338   0.00218190588367338   0.0865489317991329   0.27133708139221124
165767733684.88806   0.002149492892403438   0.08526321650232771   0.26730627212761965
168267406107.0464   0.0021175614076966017   0.08399660096550893   0.26333534197444275
170804772005.97076   0.0020861042766008747   0.0827488014549192   0.25942340140709036
173380399775.4141   0.002055114452423934   0.08151953845176824   0.2555695741141953
175994866380.14694   0.0020245849931545905   0.08030853658961717   0.2517729968023087
178648757485.20462   0.0019945090599076927   0.07911552459269335   0.24803281900251242
181342667587.0802   0.0019648799153921723   0.0779402352151226   0.24434820287990752
184077200146.8958   0.00193569092240184   0.07678240518106424   0.24071832304593385
186852967725.5851   0.001906935542328578   0.0756417751257344   0.2371423663734734
189670592121.11404   0.0018786073336976095   0.07451808953730492   0.23361953181469952
192530704507.76813   0.0018506999507245687   0.07341109669966721   0.2301490302216376
195433945577.53964   0.0018232071418939964   0.07232054863604595   0.22673008416938975
198380965683.6503   0.001796122748558931   0.07124620105344952   0.2233619277819828
201372424986.23813   0.0017694407035612927   0.0701878132879451   0.22004380656080247
204408993600.2378   0.0017431550298728068   0.06914514825074886   0.21677497721558153
207491351745.49106   0.0017172598392560998   0.0681179723751159   0.21355470749789648
210620189899.12408   0.001691749330945669   0.06710605556401884   0.2103822760371359
213796208950.22324   0.0016666177903484332   0.06610917113860293   0.20725697217890374
217020120356.8358   0.0016418595877636536   0.06512709578740966   0.20417809582583138
220292646305.3456   0.001617469177121808   0.06415960951635198   0.20114495728074716
223614519872.25165   0.001593441094742204   0.06320649559943312   0.19815687709217508
226986485188.3821   0.0015697699581090757   0.0622675405301982   0.1952131859021334
230409297605.58493   0.0015464504646658674   0.06134253397390776   0.19231322429619455
233883723865.93536   0.001523477390627393   0.060431268720419866   0.18945634265576725
237410542273.4954   0.00150084558980965   0.059533540637772824   0.18664190101257513
240990542868.6593   0.0014785499924770357   0.058649148626458085   0.18386926890529898
244624527605.12817   0.0014565856042066945   0.05777789457437267   0.1811378252383494
248313310529.5568   0.0014349475047697065   0.05691958331243968   0.17844695814273376
252057717963.90994   0.001413630847028897   0.056074022570888025   0.1757960648389905
255858588690.56427   0.0013926308558530457   0.05524102293618278   0.17318455150216194
259716774140.20123   0.0013719428270472236   0.05442039780859518   0.170611833128774
263633138582.5376   0.0013515621262989981   0.05361196336040211   0.16807733340578807
267608559319.93222   0.001331484188140291   0.05281553849470645   0.16558048458150013
271643926883.9089   0.0013117045149246798   0.052030944804870034   0.16312072733835997
275740145234.6361   0.0012922186758199167   0.05125800653455027   0.16069751066768342
279898131963.4357   0.0012730223058153173   0.05049655053832651   0.15831029174621283
284118818498.32446   0.001254111104743997   0.04974640624291546   0.1559585358145251
288403150312.66113   0.0012354808363195964   0.04900740560896129   0.15364171605724036
292752087136.94415   0.0012171273271873015   0.048279383093392726   0.1513593134850093
297166603173.80194   0.0011990464659889669   0.047562175612339656   0.1491108168182538
301647687316.22174   0.0011812342024421385   0.04685562250460103   0.14689572237263623
306196343369.0682   0.001163686546432768   0.0461595654956558   0.14471353394623118
310813590273.9473   0.0011463995671213726   0.04547384866220739   0.1425637627083698
315500462337.4618   0.0011293693920624874   0.044798318397255135   0.14044592709013645
320258009462.9025   0.001112592206337207   0.04413282337568525   0.13835955267649375
325087297385.4347   0.0010960642516986189   0.04347721452037292   0.13630417210001014
329989407910.8345   0.0010797818257299102   0.04283134496878729   0.13427932493616457
334965439157.82654   0.0010637412810149834   0.042195070040092444   0.13228455760020508
340016505804.0706   0.0010479390243214102   0.041568247202738016   0.13031942324554355
345143739335.85645   0.0010323715157955226   0.0409507360425311   0.1283834816636586
350348288301.5705   0.0010170352681694425   0.04034239823118171   0.12647629918548361
355631318568.9855   0.0010019268459798894   0.039743097495315564   0.12459744858425928
360994013586.4174   0.0009870428647986294   0.039152699585948504   0.12274650897983395
366437574647.8333   0.0009723799904743194   0.03857107224841302   0.12092306574438101
371963221161.95514   0.0009579349383856165   0.037998085192731554   0.11912671040951736
377572190925.416   0.0009437044727054014   0.03743361006443074   0.11735704057480348
383265740400.0353   0.0009296854056759311   0.036877520415789074   0.1156136598176032
389045144994.28046   0.0009158745968947413   0.03632969167751111   0.11389617760428014
394911699348.9742   0.0009022689526111616   0.035790001130822494   0.11220420920271376
400866717627.3026   0.0008888654250332918   0.03525832787998005   0.11053737559611644
406911533809.197   0.0008756610116452772   0.034734552825190425   0.10889530339813136
413047501990.161   0.0008626527545347085   0.03421855863593019   0.1072776247691894
419275996684.6042   0.000849837739730014   0.03371022972466244   0.10568397733410857
425598413133.7427   0.0008372130965477114   0.03320945222094448   0.10411400410091992
432016167618.1429   0.0008247759969493538   0.03271611394591996   0.10256735338089842
438530697774.98517   0.0008125236549080148   0.03223010438718949   0.10104367870978061
445143462920.11127   0.0008004533257841868   0.03175131467405461   0.0995426387701527
451855944374.9217   0.0007885623057109631   0.031279637553129985   0.09806389731499297
458669645798.2016   0.000776847930988351   0.030814967364317852   0.09660712309235013
465586093522.9581   0.0007653075774865744   0.030357200017138975   0.09517198977113887
472606836898.33905   0.0007539386600582316   0.029906232967414976   0.09375817586803775
479733448636.6902   0.0007427386319592179   0.029461965194298223   0.09236536467547575
486967525165.8631   0.0007317049842782227   0.029024297177641885   0.09099324419068613
494310686986.83435   0.0007208352453747033   0.028593130875706238   0.08964150704581403
501764579036.7086   0.0007101269803252197   0.028168369703196597   0.08830985043906368
509330871057.1963   0.000699577790377995   0.027749918509627554   0.08699797606686895
517011257968.6548   0.0006891853124155674   0.027337683558008172   0.08570559005706978
524807460249.77124   0.0006789472184254229   0.026931572503843756   0.08443240290308124
532721224322.9617   0.000668861214978505   0.026531494374450078   0.0831781293990422
540754322945.58154   0.000658925042715471   0.026137359548574837   0.08194248857592708
548908555607.04425   0.0006491364758405675   0.025749079736321442   0.08072520363860557
557185748931.9281   0.0006394933216230271   0.025366567959371054   0.07952600190383721
565587757089.1533   0.0006299934199058818   0.02498973853149883   0.07834461473918858
574116462207.328   0.0006206346426220711   0.024618507039379598   0.07718077750285753
582773774796.3677   0.0006114148933177314   0.024252790323678282   0.07603422948439043
591561634175.4719   0.000602332106682565   0.02389250646042125   0.07490471384627999
600482008907.5453   0.0005933842480871965   0.023537574742644746   0.07379197756643184
609536897240.1693   0.0005845693131274008   0.023187915662315994   0.07269577138148571
618728327553.2334   0.0005758853271750947   0.022843450892522425   0.07161584973097769
628058358813.318   0.0005673303449359924   0.02250410326992548   0.07055197070233132
637529081034.9081   0.0005589024500138571   0.02216979677747581   0.06950389597666881
647142615748.5831   0.0005505997544812022   0.021840456527384484   0.0684713907754243
656901116476.2648   0.0005424203984563746   0.0215160087443473   0.06745422380775104
666806769213.6218   0.0005343625496869265   0.021196380749018473   0.0664521672187102
676861792919.7473   0.0005264244031391796   0.02088150094173009   0.06546499653823015
687068440014.2317   0.0005186041805938752   0.020571298786452842   0.0644924906308222
697428996881.7319   0.0005109001302478338   0.020265704794995218   0.06353443164604411
707945784384.1373   0.000503310526321536   0.019964650511437535   0.06259060496969936
718621158380.4586   0.0004958336686725396   0.01966806849679749   0.06166079917576281
729457510254.568   0.0004884678824146244   0.0193758923139229   0.06074480597901833
740457267450.8977   0.00048121151754259943   0.019088056512609062   0.05984242018840054
751622894018.2045   0.00047406294856269077   0.01880449661493745   0.0589534396610307
762956891161.5336   0.0004670205741284187   0.0185251491008322   0.05807766525693521
774461797802.5176   0.0004600828166818774   0.018249951393830868   0.05721490079443587
786140191148.1255   0.0004532481221003434   0.01797884184706655   0.05636495300620295
797994687267.9785   0.0004465149593481397   0.0177117597294585   0.055527631495961675
810027941680.3507   0.00043988182013368225   0.017448645212108326   0.05470274869584337
822242649947.0696   0.0004333472185715861   0.01718943935489683   0.05389011982436563
834641548277.3241   0.00042690969084982635   0.016934084093281426   0.05308956284504121
847227414140.598   0.00042056779490183245   0.016682522225289192   0.0523008984256004
860003066888.8556   0.0004143201100834472   0.016434697398702926   0.051523949897818326
872971368388.1095   0.000408165236854687   0.01619055409843764   0.05075854321793934
886135223659.4994   0.0004021017964662342   0.01595003763410472   0.05000450692768993
899497581530.0365   0.00039612843065058826   0.015713094127760976   0.04926167211587087
913061435293.1752   0.00039024380131779757   0.015479670501839302   0.0485298723805192
926829823379.3466   0.0003844465902557113   0.015249714467258669   0.04780894379163212
940805830036.5883   0.0003787354988346911   0.015023174511711031   0.04709872485444551
954992586021.4369   0.0003731092477167091   0.01479999988812222   0.04639905647325816
969393269300.2544   0.00036756657656876045   0.01458014060328396   0.045709781915792266
984011105761.1305   0.0003621062437805341   0.014363547406654808   0.04503074677808359
998849369936.5038   0.00035672702618628436   0.014150171779327746   0.04436179894989402
1013911385736.6799   0.0003514277187908321   0.01393996592316154   0.04370278858063766
1029200527194.4265   0.00034620713449963193   0.013732882750073425   0.04305356804581264
1044720219220.8004   0.0003410641038528478   0.013528875871490757   0.04241399191393125
1060473938372.3352   0.0003359974747633914   0.01332789958795986   0.041783916913942926
1076465213629.835   0.00033100611225883966   0.013129908878908792   0.041163201903139886
1092697627188.9072   0.0003260888982271876   0.012934859392562158   0.04055170783553921
1109174815262.401   0.00032124473116638334   0.012742707436006032   0.039949297730735765
1125900468894.942   0.0003164725259375844   0.012553409965400462   0.039355836643217665
1142878334789.7712   0.000311771213522073   0.01236692457633708   0.0387711916321367
1160112216148.0508   0.00030713974078178357   0.012183209494340055   0.03819523173152816
1177605973520.8066   0.0003025770702233936   0.012002223565508341   0.037627827920973585
1195363525673.7202   0.000298082179765916   0.011823926247296866   0.03706885309669916
1213388850464.976   0.0002936540625117421   0.01164827759943455   0.03651818204310302
1231685985736.3513   0.0002892917265210845   0.011475238274977215   0.03597569140470552
1250259030217.7188   0.0002849941945897758   0.011304769511493593   0.035441259658516744
1269112144445.1917   0.00028076050403036775   0.011136833122382282   0.03491476708681446
1288249551693.1323   0.00027658970645647816   0.010971391488317465   0.034396095750326
1307675538920.2153   0.0002724808675703405   0.010808407548821758   0.03388512946180834
1327394457729.7375   0.0002684330669535161   0.010647844793964424   0.033381753760021594
1347410725344.4055   0.0002644453978607128   0.010489667256182868   0.032885855884088655
1367728825595.8467   0.00026051696701666333   0.010333839502225476   0.03239732474823557
1388353309929.0457   0.00025664689441602087   0.010180326625214122   0.03191605091690679
1409288798421.8777   0.00025283431312623524   0.010029094236824954   0.03144192658025148
1430539980820.0657   0.00024907836909334905   0.009880108459584943   0.03097484552997259
1452111617587.739   0.00024537822095067955   0.009733335919282956   0.030514703135535084
1474008540973.811   0.00024173303983034627   0.009588743737493674   0.030061396320727816
1496235656094.4358   0.00023814200917759962   0.009446299524212614   0.02961482354057388
1518797942031.8118   0.0002346043245679021   0.00930597137060038   0.029174884758583243
1541700452949.5552   0.0002311191935267283   0.009167727841834708   0.028741481424343435
1564948319224.8687   0.00022768583535204493   0.00903153797006884   0.028314516451443564
1588546748597.7808   0.0002243034809394282   0.008897371247494531   0.027893894195726274
1612501027337.74   0.00022097137260977507   0.008765197619507909   0.02747952043386237
1636816521427.8035   0.0002176887639395747   0.008634987477976915   0.02707130234224358
1661498677766.6538   0.0002144549195937038   0.008506711654608867   0.026669148476189543
1686553025388.7424   0.00021126911516070697   0.008380341414416558   0.02627296874946346
1711985176702.857   0.00020813063699051958   0.008255848449281279   0.025882674414091818
1737800828749.3691   0.00020503878203460214   0.008133204871611469   0.025498178040483675
1764005764476.4111   0.00020199285768845207   0.008012383208095698   0.02511939349784592
1790605854035.2947   0.00019899218163645606   0.00789335639354847   0.024746235934889376
1817607056095.4958   0.00019603608169904254   0.007776097764847269   0.024378621760821007
1845015419179.4736   0.0001931238956821056   0.007660581054959708   0.02401646862661866
1872837083017.5522   0.0001902549712286712   0.007546780387059621   0.0236596954065845
1901078279923.2996   0.00018742866567276166   0.007434670268730365   0.023308222180172006
1929745336189.6401   0.00018464434589543009   0.00732422558625417   0.02296197021408269
1958844673505.989   0.00018190138818293777   0.007215421598986523   0.022620861944629336
1988382810396.7534   0.00017919917808703796   0.007108233933814082   0.02228482096036121
2018366363681.5596   0.00017653711028733213   0.007002638579694812   0.02195377198494697
2048802049957.4993   0.00017391458845567067   0.006898611882279215   0.021627640860311857
2079696687103.6938   0.00017133102512257212   0.006796130538611614   0.021306354530025832
2111057195808.5461   0.0001687858415456251   0.006695171591910118   0.02098984102293839
2142890601120.0562   0.00016627846757984364   0.006595712426424031   0.020678029437056163
2175204034019.5156   0.00016380834154994774   0.006497730762367651   0.02037084992366005
2208004733018.897   0.00016137491012454421   0.006401204650929454   0.020068233671658643
2241300045782.3306   0.00015897762819217716   0.0063061124693554165   0.019770112892174032
2275097430772.067   0.00015661595873921535   0.006212432916105224   0.019476420803356275
2309404458919.262   0.00015428937272955612   0.0061201450060805246   0.019187091615423528
2344228815319.9272   0.0001519973489861163   0.0060292280659240615   0.018902060515924603
2379578300956.3975   0.0001497393740740881   0.005939661729388835   0.018621263655220828
2415460834444.9355   0.0001475149421859176   0.005851425932775572   0.018344638132182324
2451884453809.514   0.0001453235550280034   0.0057645009104384465   0.018072121980098
2488857318282.3955   0.0001431647217090746   0.005678867190357405   0.017803654152794557
2526387710131.8955   0.00014103795863022568   0.005594505589776212   0.017539174510961403
2564484036517.711   0.00013894278937658428   0.005511397210905276   0.01727862380867875
2603154831374.1816   0.00013687874461059107   0.005429523436688423   0.017021943680146086
2642408757321.95   0.0001348453619668652   0.005348865926632539   0.01676907662660788
2682254607608.4917   0.00013284218594862852   0.0052694066126991   0.016519966003473153
2722701308077.9043   0.00013086876782566914   0.005191127695256687   0.016274556007626388
2763757919170.3623   0.00012892466553382278   0.0051140116390937735   0.016032791664927333
2805433637951.7163   0.00012700944357594724   0.0050380411694907   0.015794618817896313
2847737800173.7427   0.00012512267292436602   0.004963199268349949   0.015559984113582387
2890679882365.466   0.0001232639309247609   0.004889469170383867   0.01532883499161161
2934269503955.9644   0.00012143280120149465   0.00481683435935915   0.015101119672413189
2978516429429.191   0.00011962887356433959   0.0047452785643970615   0.01487678714562044
3023430570511.3306   0.00011785174391659065   0.004674785756328599   0.014655787158643945
3069021988391.158   0.00011610101416454206   0.004605340144103719   0.014438070205414225
3115300895973.764   0.00011437629212831378   0.0045369261712541326   0.01422358751529235
