z   gamma_EE_chiLchiL   gamma_EE_ff   gamma_EE_BB   
0.024578879904451532   0.08265913801367883   3.278812474542593   21.165374311728765
0.024784007137016468   0.08265789587739523   3.2787632031366774   21.132731959103186
0.024990846293871823   0.08265663311146496   3.278713113421443   21.100093309722414
0.02519941166217362   0.08265534937567706   3.278662191901857   21.067458392150183
0.02540971764831379   0.08265404432427959   3.27861042486309   21.03482723498003
0.02562177877891523   0.08265271760540388   3.278557798347687   21.00219986689115
0.025835609701835276   0.08265136886291559   3.2785042982289836   20.96957631637995
0.026051225187177444   0.08264999773342506   3.2784499100925277   20.936956612157957
0.026268640128311677   0.08264860384811938   3.278394619308736   20.904340782875135
0.026487869542903057   0.08264718683202171   3.278338411003527   20.871728857182223
0.026708928573949176   0.0826457463045976   3.2782812700823722   20.83912086367081
0.026931832490826056   0.08264428187855713   3.2782231811827662   20.806516831093912
0.027156596690342934   0.08264279316052535   3.2781641287008383   20.77391678800347
0.02738323669780573   0.08264127975080528   3.2781040967819433   20.741320763019843
0.027611768168089457   0.08263974124300388   3.278043069305821   20.70872878464661
0.02784220688671955   0.0826381772243689   3.2779810298999665   20.676140881445487
0.028074568770962254   0.08263658727536939   3.277917961922987   20.6435570819
0.02830886987092403   0.08263497096967476   3.277853848463766   20.610977414443145
0.028545126370660288   0.08263332787404737   3.277788672337213   20.578401907450218
0.0287833545892932   0.08263165754823366   3.277722416079934   20.54583058923146
0.02902357098213898   0.08262995954485343   3.2776550619458535   20.513263488024535
0.029265792141844466   0.0826282334092877   3.277586591901745   20.480700631986775
0.029510034799533267   0.0826264786795644   3.277516987622721   20.448142049187283
0.029756315825961457   0.08262469488624312   3.2774462304876426   20.415587767598858
0.03000465223268283   0.08262288155229734   3.277374301574462   20.383037815089626
0.030255061173224046   0.08262103819299552   3.27730118165549   20.35049221941459
0.030507559944269437   0.08261916431578008   3.277226851192609   20.317951008206922
0.030762165986855754   0.08261725942014445   3.2771512903323963   20.285414208969016
0.03101889688757691   0.08261532299750891   3.2770744789011865   20.252881849063417
0.03127777037979871   0.08261335453109392   3.2769963964000586   20.220353955703473
0.03153880434488383   0.0826113534957919   3.2769170219997457   20.18783055594377
0.03180201681342685   0.08260931935777954   3.276836334525255   20.155311676670355
0.03206742596649978   0.08260725157567922   3.2767543125019425   20.12279734459081
0.03233505013690787   0.0826051495978248   3.2766709340470515   20.090287586151526
0.03260490781045593   0.08260301286474031   3.2765861769680313   20.057782427815358
0.03287701762722519   0.08260084080768641   3.276500018704894   20.025281895698104
0.03315139838286084   0.0825986328487856   3.276412436335162   19.992786015536428
0.033428069029870354   0.0825963884008797   3.276323406568228   19.960294813062877
0.0337070486789326   0.08259410686738589   3.27623290573964   19.927808313691113
0.033988356600217845   0.0825917876421504   3.2761409098053   19.89532654257974
0.034272012224718866   0.08258943010930017   3.276047394335574   19.8628495246204
0.034558035145593094   0.08258703364309222   3.275952334509325   19.83037728442564
0.034846445119516026   0.08258459760776098   3.2758557051078516   19.79790984631643
0.035137262068045794   0.0825821213573632   3.2757574805087395   19.765447234309466
0.03543050607899934   0.08257960423562107   3.275657634679636   19.732989472104236
0.03572619740783992   0.08257704557576236   3.2755561411719074   19.700536583069713
0.036024356479076175   0.08257444470035902   3.275452973114241   19.668088590230884
0.036325003887672985   0.08257180092116292   3.275348103206129   19.63564551625493
0.036628160400474015   0.0825691135389394   3.2752415037112628   19.603207383437073
0.036933846957636185   0.0825663818432986   3.275133146450845   19.570774213686317
0.037242084674076005   0.082563605111971   3.275023002774849   19.53834602851064
0.03755289484092818   0.08256078261324121   3.274911043658568   19.505922848902088
0.03786629892701619   0.08255791360090328   3.2747972395024973   19.473504695671057
0.038182318580335245   0.0825549973181908   3.274681560288234   19.441091589143525
0.038500975629547594   0.08255203299707498   3.2745639755506404   19.408683548701394
0.038822292085490276   0.08254901985623558   3.274444454297345   19.376280593950458
0.03914629014269555   0.08254595710252993   3.2743229650670207   19.343882743619556
0.03947299218092394   0.08254284393997573   3.2741994762857036   19.311490015788568
0.039802420766710055   0.08253967951754915   3.274073954196116   19.279102428299204
0.040134598654921375   0.0825364630365105   3.2739463671149163   19.246719998225135
0.04046954879033   0.0825331936407657   3.273816681083705   19.214342742415536
0.04080729430919756   0.08252987047198705   3.273684862055488   19.181970676797736
0.041147858540873244   0.08252649265826723   3.2735508754445988   19.149603816809663
0.04149126500940536   0.08252305931391313   3.273414686118554   19.117242177268476
0.041837537435166154   0.08251956953923849   3.273276258389793   19.084885772351406
0.04218669973649027   0.0825160224203526   3.273135556007319   19.052534615576093
0.042538776031326914   0.08251241702894618   3.2729925421481987   19.020188719780524
0.04289379063890573   0.08250875242207502   3.2728471794089744   18.98784809710273
0.04325176808141666   0.08250502764193962   3.272699429796938   18.955512758959944
0.043612733085703716   0.08250124171566295   3.2725492547212975   18.923182716027515
0.04397671058497305   0.08249739365506423   3.272396614984214   18.890857978217337
0.04434372572051512   0.08249348245643014   3.272241470771729   18.858538554655958
0.04471380384344131   0.08248950710029108   3.2720837816448785   18.826224453662228
0.04508697051643506   0.0824854665511518   3.271923506529021   18.79391568272459
0.04546325151551743   0.08248135975730661   3.2717606037064955   18.761612248477977
0.04584267283182783   0.08247718565056078   3.2715950308055777   18.729314156681887
0.04622526067341899   0.08247294314599549   3.271426744791155   18.697021412189425
0.046611041467067515   0.08246863114171983   3.271255701954886   18.664734018934023
0.04700004186009915   0.08246424851861965   3.271081857905246   18.632451979896878
0.047392288722229434   0.08245979414010281   3.2709051675574115   18.600175297083666
0.04778780914741973   0.08245526685184153   3.2707255851230475   18.56790397149897
0.04818663045574859   0.08245066548151075   3.270543064099927   18.535638003120127
0.04858878019529904   0.08244598883852362   3.270357557261436   18.50337739087064
0.048994286144061275   0.08244123571376301   3.2701690166459327   18.471122132593184
0.04940317631185145   0.0824364048793103   3.269977393545975   18.438872225022187
0.04981547894224642   0.0824314950881696   3.2697826384973943   18.40662766375581
0.05023122251453464   0.08242650507398938   3.2695847012682453   18.374388443227616
0.05065043574568333   0.08242143355077992   3.2693835308476036   18.342154556677684
0.05107314759232196   0.08241627921262738   3.26917907543422   18.309925996123262
0.05149938725274262   0.0824110407334042   3.2689712824250337   18.27770275232896
0.05192918416891664   0.08240571676647566   3.2687600984035354   18.245484814776397
0.05236256802852838   0.08240030594440297   3.2685454691279845   18.21327217163346
0.052799568767025844   0.08239480687846172   3.268327339512315   18.181064809722972
0.05324021656968832   0.08238921815909199   3.268105653643982   18.148862714366825
0.053684541873711654   0.0823835383544074   3.2678803547248276   18.116665869930227
0.05413257537031035   0.08237776601070672   3.267651385091366   18.084474258732225
0.05458434800683775   0.08237189965201444   3.267418686196573   18.05228786188877
0.055039890988923604   0.08236593777945413   3.267182198585014   18.020106659253205
0.05549923578262955   0.08235987887141671   3.2669418618995305   17.987930628623246
0.05596241411662265   0.08235372139370709   3.2666976152837144   17.955759746588896
0.05642945798436683   0.08234746374517493   3.2664493952252727   17.923593991294464
0.05690039964633316   0.08234110436564211   3.2661971398371374   17.891433326156182
0.057375271632227734   0.08233464162729934   3.26594078454954   17.859277732521445
0.05785410674323899   0.08232807388849384   3.265680264243588   17.827127176936
0.058336938054303226   0.0823213994825549   3.2654155128080107   17.794981627369747
0.058823798916389294   0.0823146167174415   3.2651464631251788   17.762841050245576
0.059314722958802246   0.08230772387538575   3.2648730470569682   17.73070540989782
0.059809744091506155   0.08230071921253251   3.264595195430456   17.698574668866883
0.060308896507466556   0.08229360095857421   3.2643128380234434   17.666448787776222
0.060812214685012196   0.0822863673163819   3.2640259035498156   17.634327725291918
0.061319733390216576   0.08227901646163185   3.2637343196447293   17.602211438081742
0.0618314876792994   0.08227154654242781   3.2634380128496363   17.57009988077356
0.06234751290104803   0.08226395567857511   3.2631369085834785   17.53799300591317
0.06286784469925918   0.08225624196256294   3.262830931181663   17.505890763921585
0.06339251901520088   0.08224840345713155   3.262520003799552   17.473793103051726
0.06392157209009519   0.08224043819623134   3.262204048450509   17.44169996934446
0.06445504046762147   0.08223234418428677   3.2618829859767087   17.409611306586022
0.06499296099644059   0.08222411939579226   3.2615567360330933   17.37752705625502
0.06553537083274019   0.08221576177490397   3.261225217071191   17.34544715748907
0.06608230744280115   0.08220726923542458   3.2608883463385085   17.3133715470299
0.06663380860558574   0.08219863965880214   3.260546039799152   17.281300159178603
0.0671899124153468   0.0821898708960745   3.260198212210955   17.249232925748206
0.06775065728425941   0.08218096076587182   3.259844777046249   17.217169776015474
0.06831608194507394   0.08217190705437727   3.2594856464902984   17.185110636672174
0.06888622545379153   0.08216270751489142   3.2591207314240274   17.153055431775705
0.06946112719236189   0.08215335986739268   3.2587499414065766   17.121004082699113
0.07004082687140338   0.08214386179809252   3.258373184657671   17.088956508080503
0.07062536453294624   0.08213421095898697   3.257990368039816   17.05691262377178
0.0712147805531982   0.08212440496740255   3.2576013970403013   17.02487234278683
0.07180911564533358   0.08211444140553875   3.2572061757530366   16.992835575249067
0.0724084108623054   0.0821043178200048   3.256804606841328   16.960802228338284
0.0730127075996811   0.08209403172135275   3.256396591594489   16.92877220623699
0.07362204759850197   0.0820835805836056   3.255982029796869   16.896745410076043
0.07423647294816606   0.08207296184307683   3.255560819783493   16.864721737879705
0.07485602608933589   0.0820621729007302   3.2551328583956307   16.83270108451
0.07548074981686967   0.08205121111790815   3.2546980409898993   16.800683341562387
0.0761106872827774   0.08204007381668373   3.2542562613743287   16.76866839751054
0.07674588199920158   0.08202875828117065   3.2538074118197686   16.736656137332055
0.07738637784142258   0.0820172617571088   3.2533513830345875   16.70464644261977
0.07803221905088963   0.08200558144869692   3.2528880641335176   16.67263919174285
0.07868345023827626   0.08199371452022135   3.2524173426354475   16.64063425919078
0.07934011638656219   0.0819816580954478   3.251939104430215   16.608631516157295
0.08000226285414014   0.08196940925507046   3.2514532337615454   16.576630833225323
0.08066993537794909   0.08195696503940268   3.2509596132063496   16.544632064909063
0.08134318007663345   0.08194432244565185   3.250458123653854   16.512635080537688
0.08202204345372852   0.08193147842794785   3.249948644284542   16.48063973324756
0.08270657240087301   0.08191842989680795   3.249431052548935   16.448645875391875
0.08339681420104754   0.08190517371859758   3.2489052241461907   16.416653355382614
0.08409281653184109   0.08189170671498612   3.248371033002532   16.38466201762631
0.08479462746874404   0.08187802566176759   3.2478283512494985   16.352671702459297
0.08550229548846885   0.08186412729082301   3.2472770492020504   16.320682246082367
0.08621586947229891   0.08185000828580752   3.246716995336472   16.288693480494814
0.0869353987094644   0.08183566528408363   3.246148056268137   16.25670523342795
0.08766093290054736   0.08182109487553513   3.2455700967290992   16.224717328278
0.08839252216091446   0.08180629360199808   3.244982979545519   16.192729584038517
0.08913021702417873   0.08179125795740044   3.2443865656149313   16.160741815232146
0.08987406844569007   0.08177598438434587   3.2437807138734995   16.128753831841927
0.09062412780605482   0.08176046927777451   3.2431652813225273   16.096765439173417
0.09138044691468519   0.08174470898156155   3.2425401229056066   16.064776438057816
0.09214307801337743   0.08172869978863016   3.2419050915855125   16.032786624374523
0.09291207377992071   0.08171243794035916   3.2412600382702745   16.00079578925024
0.09368748733173567   0.08169591962598709   3.240604811799685   15.968803718920508
0.09446937222954344   0.08167914098201265   3.239939258921529   15.936810194657937
0.09525778248106528   0.0816620980915918   3.2392632242676562   15.904814992777714
0.09605277254475297   0.08164478698393156   3.2385765503299457   15.872817884254868
0.0968543973335509   0.08162720363368002   3.2378790774361064   15.840818635114164
0.09766271221868843   0.08160934396031373   3.2371706437253733   15.808817006048983
0.09847777303350518   0.08159120382752168   3.236451085124077   15.776812752423789
0.09929963607730735   0.08157277904258618   3.2357202353210823   15.74480562419965
0.10012835811925665   0.08155406535576135   3.2349779257431357   15.71279536585938
0.10096399640229142   0.08153505845964806   3.23422398553007   15.680781716332278
0.10180660864708078   0.08151575398856684   3.2334582415099344   15.648764408918458
0.10265625305601153   0.08149614751792808   3.2326805181740084   15.616743171123055
0.10351298831720834   0.08147623456359965   3.231890637651715   15.584717724937937
0.1043768736085877   0.0814560105810432   3.2310884196854612   15.552687786230182
0.10524796860194549   0.08143547096562945   3.2302736815838973   15.520653065020307
0.10612633346707867   0.08141461105051688   3.2294462382975797   15.488613265316731
0.10701202887594156   0.08139342610703709   3.2286059022055777   15.456568084995043
0.10790511600683665   0.08137191134378689   3.227752483262675   15.424517215901412
0.10880565654864026   0.08135006190598477   3.2268857888811837   15.392460343489946
0.10971371270506385   0.08132787287482539   3.226005623980001   15.360397146964923
0.11062934719895055   0.08130533926683374   3.225111790876542   15.328327299060204
0.11155262327660762   0.08128245604438168   3.2242040892751644   15.296250466105299
0.11248360471217518   0.08125921805921955   3.2232823163054007   15.264166307843798
0.11342235581203138   0.0812356201634685   3.2223462664395197   15.232074477382417
0.11436894141923407   0.08121165709733029   3.2213957314816923   15.199974621112357
0.11532342691800002   0.08118732354425867   3.2204305005422333   15.167866378630611
0.11628587823822105   0.08116261411914578   3.2194503600118587   15.135749382661343
0.11725636186001823   0.08113752336767333   3.2184550935359284   15.103623258977192
0.11823494481833366   0.08111204576566378   3.217444481988728   15.071487626320721
0.11922169470756112   0.08108617571843271   3.2164183034477625   15.03934209632592
0.12021667968621488   0.08105990756014168   3.2153763331680993   15.00718627343979
0.12121996848163767   0.08103323555315234   3.2143183435567466   14.975019754844158
0.12223163039474802   0.08100615388738253   3.213244104147104   14.94284213037764
0.12325173530482711   0.08097865667966324   3.212153381554836   14.910652982457808
0.12428035367434548   0.0809507379730983   3.21104593952668   14.878451886003697
0.12531755655383034   0.08092239173642593   3.2099215388042475   14.846238408358504
0.12636341558677316   0.080893611863383   3.2087799371727623   14.814012109212728
0.12741800301457834   0.08086439217207214   3.2076208894162463   14.781772540527632
0.12848139168155323   0.08083472640433216   3.2064441472946887   14.749519246459148
0.12955365503993985   0.08080460822511171   3.2052494595177214   14.717251763234177
0.13063486715498837   0.08077403119567862   3.2040365717203114   14.68496961926658
0.1317251027100731   0.08074298887414771   3.2028052264382483   14.652672334848733
0.13282443701185123   0.08071147470166261   3.201555163083792   14.620359422062675
0.13393294599546457   0.08067948188867206   3.200286117921535   14.58803038496426
0.13505070622978438   0.08064700594472461   3.198997824044452   14.555684719308367
0.1361777949227007   0.08061403390175537   3.1976900113501854   14.52332191252731
0.13731428992645514   0.08058056487239595   3.1963624065175695   14.490941443659791
0.13846026974301837   0.08054658990938446   3.195014732983403   14.458542783280603
0.13961581352951272   0.08051210195822862   3.193646710919489   14.426125393431272
0.14078100110367978   0.08047709388155391   3.1922580572099726   14.393688727551663
0.14195591294939366   0.08044155845853995   3.1908484854289783   14.361232230412602
0.1431406302222204   0.08040548838436451   3.1894177058185567   14.328755338049506
0.1443352347550237   0.08036887626932786   3.1879654252669964   14.296257477697225
0.14553980906361721   0.0803317146396667   3.1864913472874634   14.263738067726011
0.14675443635246457   0.0802939959349419   3.1849951719970435   14.23119651757876
0.14797920052042637   0.08025571250894463   3.183476596096164   14.198632227709556
0.14921418616655538   0.08021685662882384   3.1819353128411336   14.166044589523596
0.1504594785959403   0.08017742047458917   3.1803710120548954   14.133432985318546
0.1517151638255979   0.08013739613862514   3.1787833800600342   14.100796788122171
0.15298132859041477   0.08009677562521748   3.1771720996932196   14.068135362131972
0.15425806034913805   0.08005555085009225   3.1755368502811856   14.035448061671007
0.15554544729041694   0.08001371363996755   3.1738773076104305   14.002734232273212
0.15684357833889406   0.07997125573211966   3.1721931439300834   13.969993209835547
0.15815254316134766   0.07992816878508895   3.170484028361299   13.937224320752197
0.1594724321728855   0.0798844443226445   3.1687496246830618   13.904426882131691
0.16080333654319   0.0798400738446557   3.166989595720693   13.871600201496404
0.16214534820281565   0.07979504871545781   3.165203598927086   13.838743576809883
0.16349855984953912   0.07974936021912578   3.1633912885705375   13.805856296436565
0.16486306495476222   0.07970299954800912   3.161552315280899   13.772937639103743
0.1662389577699681   0.07965595780241087   3.159686326036848   13.739986873786963
0.16762633333323193   0.07960822599028514   3.157792964153885   13.707003259991335
0.16902528747578524   0.07955979502695432   3.155871869273126   13.67398604725073
0.17043591682863554   0.07951065573484638   3.1539226773508733   13.64093447541187
0.17185831882924069   0.07946079884325313   3.1519450206490265   13.607847774531106
0.1732925917282396   0.07941021498810995   3.1499385277263485   13.574725164851815
0.17473883459623873   0.07935889471900845   3.147902823430612   13.541565856784587
0.17619714733065492   0.07930682847028978   3.1458375288916756   13.50836905089049
0.17766763066261618   0.07925400660382764   3.1437422615028314   13.475133937867293
0.17915038616391923   0.07920041938038813   3.1416166349661947   13.441859698538961
0.18064551625404543   0.07914605696663023   3.1394602592134992   13.40854550384832
0.18215312420723556   0.07909090940273314   3.137272740453045   13.375190514853204
0.18367331415962315   0.07903496673737277   3.1350536811553953   13.341793882727261
0.18520619111642742   0.07897821881036685   3.132802680066681   13.308354748757546
0.1867518609592067   0.07892065541268094   3.130519332152964   13.27487224436011
0.188310430453172   0.07886226623507714   3.1282032286854973   13.241345491084406
0.18988200725456134   0.07880304084033908   3.12585395718791   13.207773600629418
0.19146669991807644   0.07874296917843376   3.123471101454068   13.174155674862098
0.19306461790438076   0.07868203979873359   3.1210542415533915   13.14049080584003
0.19467587158766025   0.0786202425466936   3.118602953837482   13.106778075838195
0.19630057226324762   0.07855756666682084   3.1161168109481197   13.07301655738017
0.1979388321553097   0.07849400122641338   3.113595381826657   13.039205313273765
0.1995907644245992   0.07842953525754588   3.1110382317248484   13.00534339665117
0.20125648317627115   0.07836415770702596   3.1084449222171626   12.9714298510139
0.2029361034677647   0.07829785742975057   3.1058150112146095   12.937463710282458
0.20462974131675046   0.07823062319824688   3.1031480529801208   12.90344399885098
0.2063375137091442   0.07816244366485137   3.1004435981455334   12.869369731646891
0.20805953860718768   0.0780933074193396   3.097701193730226   12.835239914195844
0.20979593495759666   0.078023202951472   3.094920383143811   12.801053542691765
0.21154682269977693   0.07795211866100624   3.092100706271394   12.766809604072566
0.21331232277410905   0.07788004285829675   3.089241699421428   12.732507076101191
0.21509255713030231   0.07780696376494067   3.086342895375691   12.69814492741818
0.21688764873581778   0.07773286951446998   3.0834038234309507   12.66372211777845
0.21869772158436268   0.07765774815309213   3.0804240094227886   12.629237597876713
0.22052290070445482   0.07758158764038309   3.077402975745408   12.594690309856816
0.2223633121680588   0.07750437586172196   3.0743402414034198   12.560079186853525
0.22421908309929417   0.07742610058370074   3.071235322033953   12.525403153678743
0.22609034168321668   0.07734674951119946   3.0680877299476417   12.490661126636697
0.22797721717467226   0.07726631028946247   3.0648969741681786   12.45585201372132
0.2298798399072251   0.0771847704500837   3.061662560474041   12.420974714753292
0.23179834130216045   0.07710211744955546   3.058383991442469   12.386028121523937
0.2337328538775624   0.07701833866965405   3.0550607664956835   12.35101111794607
0.23568351125746706   0.0769334214124579   3.0516923819494512   12.315922580212064
0.2376504481810929   0.07684735290301538   3.0482783310640142   12.280761376959168
0.2396338005121475   0.07676012029068967   3.0448181040974336   12.245526369442219
0.24163370524821207   0.07667171065056597   3.041311188361416   12.21021641171399
0.24365030053020453   0.0765821109849221   3.0377570682796415   12.174830350813112
0.24568372565192154   0.0764913082247643   3.034155225448681   12.139367026959981
0.24773412106965953   0.07639928923142858   3.0305051387015283   12.103825273760492
0.24980162841191741   0.07630604079824971   3.0268062841741976   12.068203918417977
0.2518863904891783   0.07621154965229873   3.0230581353729615   12.032501781953359
0.253988551303775   0.07611580243861904   3.0192601632486658   11.996717679433655
0.25610825605983606   0.0760187857973218   3.0154118362694393   11.960850420148725
0.25824565117331605   0.07592048622321121   3.0115126204985523   11.92489880809889
0.26040088428210867   0.07582089024006859   3.0075619796747315   11.888861641883908
0.26257410425624506   0.07571998424618134   3.003559375295456   11.852737715214761
0.2647654612081762   0.07561775461125736   2.9995042667032727   11.816525817119933
0.26697510650314243   0.07551418764521976   2.995396111175208   11.780224732228838
0.2692031927696285   0.07540926968881989   2.9912343640152894   11.743833241062802
0.27144987390990605   0.07530298686454537   2.987018478650258   11.707350120335528
0.2737153051106645   0.07519532540352802   2.9827479067564346   11.670774143263086
0.2759996428537302   0.07508627140790047   2.9784220982506784   11.63410407988367
0.2783030449268753   0.0749758109875201   2.9740405015622584   11.597338697387169
0.28062567043471653   0.07486393019969753   2.9696025636313066   11.560476760454637
0.28296767980970544   0.07475061506772979   2.9651077300487287   11.523517031607934
0.28532923482321004   0.07463585158382081   2.9605554451720573   11.48645827156952
0.28771049859668885   0.07451962571209152   2.9559451522448463   11.449299239632541
0.2901116356129581   0.07440192339167971   2.9512762935196406   11.412038694041403
0.2925328117275539   0.07428273053993187   2.9465483103845806   11.374675392382823
0.29497419418018733   0.0741620330556872   2.9417606434620476   11.337208091987577
0.2974359516062975   0.0740398168226557   2.936912732860899   11.299635550342996
0.29991825404869915   0.07391606771289148   2.9320040181908875   11.261956525516302
0.3024212729693284   0.07379077159036164   2.9270339386489495   11.224169776588914
0.30494518126108616   0.07366391431461314   2.9220019333625062   11.186274064071485
0.3074901532597806   0.07353548174453739   2.9169074413670644   11.148268150488063
0.3100563647561687   0.07340545975264395   2.9117499019265116   11.1101508006609
0.31264399300809964   0.07327383418789761   2.906528754488668   11.071920782251777
0.3152532167527581   0.07314059094035723   2.9012434389806097   11.033576866342045
0.31788421621901014   0.07300571590601236   2.895893395940642   10.995117827844249
0.32053717313985297   0.07286919500052819   2.8904780666877783   10.956542448447449
0.32321227076496717   0.07273101416362247   2.884996893495356   10.917849505103796
0.32590969387337504   0.07259115936354747   2.8794493197688276   10.87903779464238
0.3286296287862033   0.07244961660167865   2.873834790227777   10.840106110240663
0.3313722633795538   0.07230637191721008   2.8681527510921634   10.801053254023259
0.3341377870974802   0.07216141138502277   2.86240265027286   10.761878035226367
0.33692639096507404   0.0720147211491728   2.856583937566482   10.722579270781663
0.33973826760165904   0.07186628738377586   2.850696064854559   10.683155785912165
0.34257361123409674   0.0717160963284112   2.8447384863070657   10.643606414739972
0.34543261771020145   0.07156413428559127   2.838710658590334   10.6039300009059
0.34831548451226924   0.07141038762611449   2.8326120411206714   10.56412539820109
0.35122241077071825   0.07125484293253911   2.8264420961164185   10.524191471210557
0.35415359727784357   0.0710974863166831   2.820200289065361   10.484127095968603
0.3571092465016865   0.07093830479704076   2.813886088786755   10.443931160626253
0.3600895626000199   0.07077728493782082   2.807498967702203   10.403602566130465
0.3630947514344503   0.07061441353545465   2.801038402070254   10.363140226915307
0.3661250205846369   0.07044967748912956   2.794503872225484   10.322543071604894
0.3691805793626309   0.07028306380692952   2.78789486282206   10.281810043690468
0.37226163882733254   0.07011455961208934   2.781210863081826   10.240940102445853
0.37536841179907027   0.06994415214936203   2.774451367046849   10.199932223285758
0.3785011128743008   0.06977182879149936   2.7676158711703605   10.15878539889726
0.38165995844043243   0.06959757704584542   2.7607038879089316   10.11749863980889
0.38484516669077073   0.06942138456104287   2.7537149193271953   10.07607097520185
0.38805695763959147   0.06924323913385186   2.7466484840296155   10.034501453693828
0.39129555313733666   0.06906312871608056   2.739504104104753   9.992789144133933
0.3945611768859392   0.0688810415022136   2.732281308070742   9.950933136408711
0.3978540544542746   0.06869696561521951   2.7249796311590218   9.90893254225901
0.4011744132937416   0.06851088959434305   2.7175986156024474   9.866786496107558
0.40452248275397384   0.06832280208311245   2.7101378109277428   9.824494155897137
0.40789849409868084   0.06813269191641645   2.702596774252254   9.782054703939103
0.4113026805216233   0.06794054812809289   2.6949750705849587   9.73946734777207
0.41473527716272   0.06774635995862387   2.6872722731215246   9.696731321030647
0.4181965211242901   0.06755011686293565   2.679487963595868   9.653845884323857
0.42168665148743056   0.06735180851830266   2.6716217325282363   9.61081032612312
0.42520590932853053   0.0671514248323538   2.6636731795879096   9.567623963659491
0.4287545377359227   0.06694895586677053   2.655641913903139   9.524286143796973
0.43233278182667556   0.06674439218388968   2.647527554386653   9.480796244085642
0.43594088876352355   0.06653772434570475   2.6393297300650245   9.43715367346788
0.43957910777194   0.06632894335761004   2.6310480804118193   9.393357873361914
0.44324769015735166   0.06611804021530968   2.622682255684438   9.349408318561379
0.44694688932249815   0.06590500697892021   2.614231917698952   9.305304518190582
0.4506769607849339   0.06568983389045545   2.605696738002203   9.26104601662216
0.4544381621946794   0.06547251451093662   2.5970764025629296   9.216632396696347
0.45823075335201713   0.0652530406940008   2.5883706077787454   9.172063269650355
0.4620549962254371   0.06503140511243934   2.5795790630019066   9.127338298091985
0.465911154969732   0.06480760076367457   2.570701490461943   9.08245717498985
0.4697994959442434   0.06458162097883502   2.561737625625622   9.037419635651457
0.47372028773126035   0.06435345943190171   2.552687217559747   8.992225456512893
0.47767380115457053   0.0641231101489232   2.543550029296671   8.94687445613151
0.4816603092981684   0.06389056751729495   2.5343258382023586   8.901366496182353
0.4856800875251172   0.0636558262950999   2.525014436346879   8.855701482457816
0.48973341349656957   0.06341888162050593   2.5156156308771562   8.809879365872932
0.49382056719094664   0.06317972902121638   2.5061292443918113   8.763900143457649
0.4979418309232775   0.06293836442396958   2.4965551153179715   8.717763859381442
0.5020974893646986   0.06269478416408242   2.4868930982898103   8.671470605947844
0.5062878295621186   0.06244898499503434   2.4771430645286876   8.62502052460505
0.5105131409580449   0.062200964098086044   2.467304902224688   8.57841380695316
0.5147737154105768   0.06195071909192875   2.4573785169193525   8.531650695750615
0.519069847213565   0.061698248042358496   2.447363831889423   8.484731485919092
0.5234018331169399   0.06144354947197057   2.4372607876460495   8.437656525546283
0.5277699723472082   0.061186622369868396   2.4270693456776606   8.39042621706611
0.5321745666281237   0.06092746620138135   2.416789483749475   8.343041017535727
0.5366159202015264   0.06066608091778563   2.4064211991163678   8.295501440703779
0.5410943398483585   0.06040246696602243   2.3959645157292826   8.247808057281842
0.5456101349098553   0.0601366252984072   2.3854194687152765   8.199961474090612
0.5501636173089116   0.0598685573823232   2.374786104614191   8.151962529343912
0.5547551015716286   0.05959826520989357   2.3640645140335956   8.103811652271359
0.5593849048490374   0.05932575130762475   2.3532547943169457   8.055509926631851
0.5640533469390082   0.05905101874601416   2.342357069068592   8.007058139176598
0.5687607503083388   0.05877407114911547   2.331371480964391   7.958457223812516
0.5735074401150283   0.0584949127040543   2.3202981958990807   7.909708178289671
0.5782937442307374   0.05821354817048596   2.309137402656138   7.860812065118973
0.5831199932634359   0.05792998288998895   2.297889313118192   7.8117700124773215
0.587986520580238   0.05764422279538507   2.286554162860357   7.762583215099265
0.5928936623304308   0.05735621047724056   2.2751322105596854   7.713252935154206
0.5978417574686923   0.05706614490832246   2.263623739790306   7.663780502129022
0.6028311477785046   0.05677384202178995   2.2520290584300278   7.6141673185345
0.6078621778957619   0.05647937414758789   2.240348499252811   7.564414851087737
0.6129351953325765   0.05618275031152348   2.2285824202791247   7.5145246410845985
0.6180505505012819   0.05588398018457757   2.216731205121406   7.464498300453767
0.623208596738637   0.05558307409147993   2.2047952633242596   7.414337513464225
0.628409690330234   0.055280043632720176   2.1927750308657132   7.364044037473669
0.6336541905351063   0.05497489909031916   2.180670988537159   7.313619703654487
0.6389424596105453   0.05466765357907626   2.168483569660593   7.2630664176960815
0.6442748628371222   0.05435831990134926   2.1562133468242948   7.212386162462847
0.6496517685439198   0.054046912311270824   2.1438608456982795   7.1615809887444435
0.6550735481339732   0.0537334448933126   2.1314266380705975   7.1106530356840425
0.6605405761099258   0.05341793277545047   2.1189113240161612   7.059604511572051
0.6660532300998961   0.05310039180210248   2.1063155320289835   7.008437704315656
0.6716118908835628   0.052780838541077804   2.093639919297802   6.9571549799960835
0.677216942418466   0.05245929029029384   2.080885171972508   6.905758783374842
0.6828687718665291   0.05213576508425131   2.068052005420978   6.85425163836741
0.6885677696208017   0.05181028215711425   2.0551411644758404   6.802636148483238
0.694314329332424   0.05148286012486548   2.0421534236707872   6.750914997230917
0.70010884793782   0.05115351972123327   2.029089587465968   6.699090948487313
0.705951725686114   0.05082228224485087   2.015950490462044   6.647166846829578
0.7118433661667775   0.050489168471232054   2.002736997602464   6.595145617828838
0.7177841763375067   0.05015420215796042   1.989450004363493   6.543030268304386
0.7237745665523332   0.049817405792700255   1.976090437521864   6.490823886537244
0.7298149505899668   0.04947880689172423   1.9626592517687642   6.438529642441975
0.7359057456823795   0.04913842678451323   1.9491574383876271   6.386150787695481
0.7420473725436232   0.04879628826221324   1.9355860148735269   6.333690656708767
0.7482402553988906   0.0484524227365491   1.9219460318403256   6.281152658214157
0.7544848220138182   0.048106856562516544   1.9082385710126633   6.228540300381983
0.760781503724034   0.04775961622892735   1.894464744754443   6.175857155813233
0.7671307354649498   0.0474107330207646   1.880625672477634   6.1231068845524455
0.773532955801806   0.047060235053877804   1.8667226359846545   6.070293222806321
0.7799886069599641   0.046708153014102055   1.852756707743304   6.01742033541988
0.786498134855452   0.04635451818025874   1.8387291920296673   5.964491198587518
0.7930619891257665   0.045999362614067875   1.8246413548837161   5.911510658983766
0.7996806231609305   0.045642719172935005   1.8104944989301957   5.858482514983942
0.806354494134811   0.04528462151156414   1.7962899590846544   5.805410929123506
0.8130840630366962   0.04492510357159499   1.7820291154123291   5.752300114080717
0.8198697947031406   0.044564201639094636   1.7677133228855597   5.699154377412255
0.8267121578500706   0.04420195175125102   1.7533440561047937   5.645978093557073
0.8336116251051613   0.04383838967771448   1.7389227601181343   5.592775727977183
0.8405686730404828   0.043473553565339676   1.7244509272651407   5.539551820883807
0.847583782205419   0.043107481815561385   1.7099300808272122   5.48631098575338
0.8546574371598593   0.04274021360907201   1.6953617749752499   5.4330579101915
0.8617901265076716   0.042371788901016026   1.6807475945947505   5.379797362664518
0.8689823429304504   0.042002248415629384   1.6660891550768793   5.326534179112928
0.8762345832215481   0.04163163364031495   1.6513881013690836   5.273273270279209
0.8835473483203911   0.041259986819145326   1.636646111025613   5.220019618462632
0.8909211433470812   0.04088735152004657   1.6218648878376398   5.16677827637555
0.8983564776372852   0.04051377018980394   1.6070461831151273   5.113554365934552
0.9058538647774186   0.040139288028559095   1.5921917126738356   5.060353077451389
0.9134138226401196   0.03976395022975163   1.5773033173122828   5.007179667703714
0.9210368734200207   0.03938780259336265   1.5623828020223034   4.954039458001232
0.9287235436698188   0.03901089202948604   1.5474320157556156   4.900937827880669
0.9364743643366461   0.038633265645382046   1.532452834819552   4.847880233632805
0.944289870798745   0.03825497143332791   1.517447166162221   4.794872179792747
0.9521706029024469   0.03787605805679437   1.5024169354585104   4.741919233289613
0.9601171049994643   0.03749657483783288   1.4873641010083005   4.689027018189409
0.9681299259844893   0.03711657139199724   1.4722906448503958   4.636201221598067
0.9762096193331079   0.03673609907268272   1.4571985740704219   4.583447559340573
0.9843567431400313   0.03635520868248709   1.4420899202238364   4.530771825951539
0.9925718601576456   0.03597395203666298   1.426966738733187   4.4781798546839315
1.0008555378348816   0.035592381534070044   1.4118311082595472   4.425677526590085
1.009208348356413   0.03521055180936141   1.3966851330431205   4.373270768077193
1.0176308686821778   0.03482846333320948   1.381528942566085   4.320965548612788
1.026123680587232   0.03444632062828769   1.36637062857005   4.268767878112038
1.0346873707019342   0.03406403318123829   1.3512064487047246   4.216683806348115
1.0433225305524667   0.03368169893340728   1.336040517258995   4.164719416873835
1.0520297566016945   0.03329937499682345   1.3208750599399688   4.112880832108806
1.0608096502903643   0.032917119625295935   1.3057122963370478   4.061174184428226
1.0696628180786503   0.0325349894142835   1.290554465061784   4.0096056725962805
1.0785898714880426   0.03215303839329896   1.2754038206196785   3.9581814895977763
1.0875914271435891   0.03177132792334677   1.260262630515389   3.9069078611598718
1.096668106816486   0.03138991353086906   1.2451331185665133   3.8557910301865115
1.1058205374670285   0.03100885317690155   1.2300178410476241   3.804837234990523
1.1150493512879138   0.03062820514364796   1.2149187869093951   3.7540530805207455
1.1243551857479124   0.030248028009738276   1.199838422622954   3.703444171703394
1.1337386836358991   0.029868382345028918   1.184779073978774   3.6530173148889324
1.1432004931052528   0.029489323805687778   1.1697430836865892   3.6027787064187025
1.1527412677186264   0.02911091342369839   1.1547327919555503   3.5527346452622575
1.1623616664930916   0.028733210704372913   1.1397505875058442   3.502891436402354
1.1720623539456605   0.028356275317142302   1.1247988185844258   3.4532553941998514
1.1818440001391826   0.02798016706746287   1.1098798633849234   3.4038327054914883
1.1917072807286335   0.027604945868211425   1.094996088807324   3.3546298386611393
1.201652877007782   0.027230618680967253   1.080147768477393   3.3056529470620757
1.2116814759562495   0.026857404634530315   1.0653436195146733   3.256908300640399
1.2217937702869641   0.026485204698694417   1.050579688697044   3.20840213247546
1.2319904584940076   0.026114131949960095   1.0358604698795721   3.1601406501224183
1.2422722449008614   0.02574424552060837   1.021188342949432   3.1121300364476827
1.2526398397090603   0.02537560864536765   1.0065656852788536   3.0643764333198367
1.2630939590472474   0.02500827700999545   0.9919948699345733   3.0168859577262266
1.2736353250206385   0.024642312023254478   0.9774782645393029   2.9696646859764337
1.2842646657609016   0.02427777320163157   0.9630182317964192   2.9227186496921544
1.294982715476453   0.02391471985871411   0.9486171192548365   2.876053837959351
1.3057902145031681   0.023553211072268685   0.9342772760301987   2.8296762138357914
1.3166879093555237   0.023193305651059412   0.9200010338166489   2.783591592104148
1.3276765527781595   0.022835062101434007   0.9057906928990161   2.7378058748005474
1.3387569037978744   0.022478538593704245   0.8916485952017004   2.6923248084707048
1.3499297277760542   0.022123792928350407   0.8775770181499754   2.647154100171924
1.361195796461539   0.02177088250207874   0.863578238566857   2.6022993553427427
1.3725558880439315   0.021419864273762385   0.8496545159255827   2.5577662020897143
1.3840107872073457   0.021070794730297347   0.8358080909839319   2.5135601073291363
1.3955612851846126   0.02072372985240474   0.822041184409184   2.469686487586881
1.407208179811932   0.02037872508041276   0.8083559954025172   2.4261506787631535
1.4189522755839807   0.020035835280051217   0.7947547118622619   2.382957932946997
1.4307943837094832   0.01969511470829295   0.7812394656353019   2.340113413864425
1.4427353221672459   0.019356616979276722   0.7678123899916193   2.2976221910997405
1.454775915762654   0.019020395030346884   0.7544755863937463   2.255489235989676
1.4669169961846493   0.018686601306173074   0.7412311268197945   2.21371942144184
1.4791594020631746   0.018354986635492822   0.728081053524841   2.1723175693067356
1.4915039790271016   0.018025902376995074   0.7150273724568746   2.131288230180364
1.5039515797626424   0.017699302768986146   0.7020720720161074   2.0906360219594307
1.5165030640722474   0.01737522771464025   0.689217093551074   2.0503653716673966
1.5291592989339933   0.017053729973004826   0.6764643478030331   2.0104806378006006
1.5419211585614718   0.016734856810416754   0.6638157093005858   1.9709860134596893
1.554789524464173   0.01641865455332657   0.6512730149453837   1.9318855851785903
1.5677652855083744   0.016105168557049448   0.6388380623284162   1.8931833128068865
1.5808493379785384   0.01579444317500731   0.6265126070879904   1.8548830238916965
1.5940425856392229   0.015486521728501053   0.6142983554460266   1.816988395333602
1.6073459397975067   0.015181446477051115   0.6021971204146966   1.7795032416574676
1.620760319365936   0.014879258589345077   0.5902103354284867   1.7424310275838795
1.6342866509259992   0.0145799981148303   0.5783396712261483   1.7057742143070083
1.6479258687921294   0.014283703955990129   0.5665867776288828   1.6695367218483879
1.6616789150762392   0.013990425800243822   0.554952916325634   1.633721418975514
1.6755467397527966   0.013700176166550716   0.5434396770763782   1.5983311502584754
1.6895303007244444   0.0134130024060339   0.5320484540158296   1.5633686251423922
1.7036305638881633   0.013128938571101487   0.5207805964823007   1.528836405743309
1.7178485032019937   0.012848005859074975   0.5096374057321233   1.494736902696728
1.7321851007523084   0.012570230205511866   0.49862003086543644   1.4610723726100954
1.7466413468216493   0.012295717464541741   0.4877298469015403   1.4278449160431241
1.7612182399571306   0.012024407985293145   0.47696791213987044   1.3950564757601047
1.7759167870394106   0.011756370329469542   0.46633532220784013   1.3627088351911114
1.7907380033522438   0.011491608128841162   0.4558330997946155   1.330803617116953
1.8056829126526053   0.011230157349960988   0.4454622300113817   1.2993422827315084
1.8207525472414106   0.010972041268107711   0.4352236376512454   1.2683261314145586
1.8359479480348186   0.010717281729782833   0.42511819309412435   1.2377563030254315
1.8512701646361311   0.010465899138318786   0.4151466802292986   1.2076335850372906
1.866720255408293   0.01021791244067019   0.4053098890098066   1.1779590950317143
1.8822992875469986   0.00997333911541401   0.3956084896414397   1.1487332723060397
1.8980083371544028   0.009732195161983086   0.38604312171803656   1.119956644976081
1.913848489313458   0.009494495091155816   0.3766143608645616   1.0916294910259516
1.9298208381628597   0.009260251916823857   0.36732272332982413   1.063751941236398
1.945926486972625   0.009029477149057698   0.3581686657107838   1.0363239585008142
1.9621665482202981   0.008802180788488722   0.34915258472917254   1.0093453379115587
1.9785421436677955   0.00857837132202448   0.34027481706109647   0.9828157069926476
1.995054404438889   0.008358055719912477   0.33153563922021273   0.9567345260816157
2.011704471097334   0.008141239434165785   0.32293526749500717   0.9311010888634678
2.0284934937256582   0.007927926398361927   0.3144738579406167   0.9059145230588349
2.0454226320045983   0.007718119028825004   0.3061515064255874   0.881173791266931
2.0624930552932037   0.007511818227198603   0.29796824873385575   0.8568776916376706
2.0797059427096096   0.0073090233844153776   0.28992406072218585   0.8330248581810586
2.097062483212484   0.007109732386067126   0.28201885853319975   0.8096137614237575
2.114563875683148   0.006913941619177123   0.2742524988640711   0.7866427369946339
2.1322113290083955   0.0067216459803742384   0.2666247792908502   0.7641099454241397
2.150006062163989   0.006532838885466602   0.25913543864833183   0.7420132977332854
2.1679493042988613   0.006347512280410054   0.25178417198462344   0.7203507581989298
2.1860422948200187   0.006165656653664704   0.24457057274360686   0.6991199344497141
2.2042862834781487   0.0059872610499306774   0.23749422111674573   0.6783183912137885
2.2226825304539446   0.005812313085251867   0.23055462587491338   0.6579435190961574
2.241232306445155   0.005640798963474363   0.22375123977051495   0.6379925625949724
2.259936892754353   0.005472703494044094   0.2170834602436188   0.6184626226785147
2.278797581377439   0.005308010111125878   0.21055063018049974   0.5993506594945545
2.297815675092888   0.005146700894023965   0.2041520387238005   0.5806534952091413
2.3169924875517327   0.0049887565888819705   0.1978869221334361   0.562367816971665
2.3363293433683063   0.0048341566316378705   0.19175446469727161   0.5444901800027961
2.3558275782117333   0.00468287917220771   0.18575379969052994   0.5270170108017278
2.3754885388981966   0.00453490266848979   0.17988399812451128   0.5099446104688974
2.3953135834839614   0.00439019947876054   0.17414413093385647   0.4932691581402107
2.415304081359183   0.004248745784642096   0.16853314822702592   0.4769867145285498
2.4354614133424954   0.004110514859026622   0.16305000173169099   0.4610932255681828
2.455786971776392   0.003975478826698604   0.1576935856745874   0.44558452615749733
2.476282160623394   0.0038436086952538325   0.15246274998035197   0.4304563439953166
2.4969483955630327   0.0037148469963622617   0.14735630153573856   0.4157043039075357
2.517787104089639   0.003589219519393054   0.142373005491292   0.40132393039395853
2.5387997256109345   0.003466664577475431   0.13751158659874127   0.38731065364654593
2.5599877115474636   0.0033471490136109624   0.1327707305822962   0.37365981263131376
2.5813525254328553   0.0032306387257818865   0.1281490855419843   0.3603639142471793
2.6028956430148984   0.003117098702879181   0.12364526338710459   0.34742638696438705
2.6246185523574965   0.003006508189642843   0.11925784812512477   0.33483403998989575
2.6465227539434335   0.0028987984198223147   0.11498539342270474   0.3225846598533362
2.6686097607780392   0.0027939489003728146   0.11082636902894928   0.31067319497829066
2.6908810984936795   0.0026919213621875546   0.1067792831673334   0.2990945206474305
2.7133383054551445   0.002592676814036202   0.10284256535792102   0.28784349180128144
2.735982932865919   0.0024961755821794433   0.09901469011209982   0.27691481263618956
2.7588165448753093   0.0024023773503666383   0.09529403379672978   0.26630328181121565
2.7818407186865075   0.002311241200159296   0.09167899828570242   0.2560035083029804
2.805057044665516   0.002222725651523252   0.08816788816649322   0.24601013743018596
2.8284671264510073   0.002136788703631237   0.08475906231743141   0.23631775907898564
2.852072581065102   0.0020533878758177354   0.08145083569193853   0.2269209301806578
2.8758750390250443   0.001972480248627678   0.07824150583678105   0.2178141792708288
2.8998761444558485   0.001894022504900187   0.0751293545216057   0.20899201103069456
2.9240775552038434   0.0018179709708290787   0.0721126493675986   0.20044891080406785
2.9484809429512078   0.0017442816569414351   0.06918964547293513   0.19217934908407353
2.9730879933314216   0.001672910298936406   0.06635858703271925   0.18417778596344406
2.9979004060457055   0.0016038123983262765   0.06361770895110948   0.17643867554239268
3.022919894980436   0.0015369432628226907   0.06096523844335954   0.16895651071375087
3.048148188325507   0.0014722580464115584   0.05839939662552976   0.1617256645665851
3.07358702869373   0.0014097117890606253   0.0559184000896425   0.15474064080352543
3.0992381732411753   0.0013492608461354019   0.05352046246211073   0.14799591258110992
3.1251033937885717   0.001290857424313735   0.05120379392001221   0.14148596826383175
3.1511844769436697   0.0012344577559683047   0.04896661105510192   0.13520531545769196
3.1774832242246607   0.0011800168176509395   0.04680712545954714   0.12914848496265371
3.2040014521846216   0.0011274896626745322   0.0447235540705968   0.1233100346390981
3.230740992536971   0.0010768314574963066   0.04271411832853331   0.11768455318356291
3.257703692282015   0.0010279975173810702   0.04077708105913301   0.11226666380922215
3.2848914138345093   0.000980943341298363   0.03891060480073511   0.10705102782680635
3.312306035152306   0.0009356246460089377   0.03711296954524356   0.10203234812184393
3.339949449866087   0.000891997399298047   0.035382428577498154   0.09720537252434854
3.3678235674101367   0.0008500178523151139   0.033717246435835915   0.0925648970673116
3.3959303131542633   0.0008096425709811819   0.032115700157195136   0.08810576913057559
3.4242716285367636   0.0007708284664280855   0.030576080483734485   0.0838228895838255
3.4528494711985522   0.0007335328244351716   0.029096771292009806   0.07971121950385028
3.4816658151183586   0.000697713333832065   0.027675934808050542   0.07576577677423169
3.5107226507490896   0.0006633281138380522   0.02631199091858079   0.07198164320749949
3.540021985155325   0.0006303357403113179   0.02500329643828787   0.06835402569502685
3.569565842151932   0.0005986952708836767   0.023748227299565508   0.06487801700106079
3.599356262443883   0.000568357286817412   0.02254517950357972   0.06154896390250024
3.629395303767186   0.0005393006419526226   0.02139257002553015   0.05836222305875445
3.6596850410310533   0.0005114762083106234   0.020288837673447097   0.05531322517662084
3.690227566461192   0.0004848451858954533   0.019232443899975058   0.05239747687705832
3.7210249897443366   0.000459369366794791   0.018221873566687294   0.04961056242706747
3.752079438173983   0.0004350111531046118   0.01725563566058274   0.04694814533646324
3.7833930567973026   0.00041173357363924045   0.016332268503634388   0.04440596981959491
3.8149680085633397   0.00038950029942499975   0.01545032101216175   0.04197997938684212
3.846806474472385   0.0003682756579781572   0.014608267766466902   0.03966584401533738
3.878910653726641   0.0003480246463699783   0.013804977639342476   0.037459679840985596
3.911282763882138   0.00032871294308410755   0.013038946742336265   0.0353574684668749
3.9439250410018825   0.00031030691867369527   0.012308841107389912   0.033355350448841935
3.9768397398103414   0.0002927736452278347   0.011613385703253612   0.031449982620046724
4.010029133849154   0.00027608090465915607   0.01095122373665808   0.0296376079535728
4.043495515634205   0.0002601971958264038   0.010321155220059533   0.027914212351710654
4.077241196813948   0.00024509174050800936   0.009721959221634685   0.026276563569726144
4.111268508329094   0.00023073448824457928   0.009152443661355812   0.024721264069723622
4.145579800573629   0.000217096120070209   0.00861144546252705   0.02324500445924182
4.1801774435571355   0.00020414805115441666   0.008097830659762726   0.02184456342907789
4.215063827068534   0.0001918624323782206   0.0076104944643474014   0.020516807579018404
4.250241360841116   0.00018021215086970458   0.007148361287993043   0.019258691134727095
4.285712474719031   0.0001691708295259357   0.006710384726071712   0.018067255559185376
4.321479618825096   0.00015871282554976167   0.006295547501470865   0.016939629062242417
4.357545263730044   0.0001488132280313685   0.005902861370273615   0.01587302601195581
4.39391190062319   0.00013944785460590406   0.005531366990524393   0.014864746251534942
4.430582041484477   0.0001305932472197148   0.005180133755390811   0.013912174325809023
4.4675582192580245   0.00012222666703886654   0.0048482595920775065   0.013012778621236853
4.504842988027048   0.00011432608853473177   0.004534870727892286   0.012164110423568944
4.5424389231903195   0.00010687019278229281   0.004239121424899139   0.011363802897338487
4.580348621640026   9.983836000771418e-05   0.00396019368462825   0.010609569991426732
4.618574701941164   9.321066142239196e-05   0.0036972969243386096   0.009899205274990507
4.65711980451242   8.696785038133402e-05   0.003449667626353624   0.009230580708080064
4.695986591808529   8.109135290421268e-05   0.0032165689620085847   0.008601645351298846
4.7351777485042135   7.55632575977778e-05   0.0029972903917616293   0.00801042401886538
4.774695981679594   7.036630501863265e-05   0.0027911472430310444   0.00745501587944218
4.814544021007188   6.548387651548005e-05   0.0025974802673248325   0.006933593009079649
4.854724618940475   6.089998259001396e-05   0.002415655178229813   0.006444398900602308
4.895240550903985   5.65992508155617e-05   0.00224506217182355   0.005985746933729678
4.936094615485048   5.2566913352382425e-05   0.0020851542296445027   0.005556018810176294
4.977289634627058   4.8788794098280555e-05   0.001935288832565128   0.005153662957922825
5.018828453824443   4.5251295512770996e-05   0.0017949680553399157   0.004777192908780206
5.060713942319171   4.194138515258599e-05   0.001663674944385911   0.004425185653296834
5.102948993298961   3.88465819557061e-05   0.0015409144175763418   0.004096279976970738
5.145536524097137   3.595494231044826e-05   0.0014262127116477811   0.0037891747816373687
5.188479476394106   3.325504594538562e-05   0.001319116822500296   0.0035026273958016093
5.231780816420589   3.073598167502593e-05   0.0012191939397760286   0.0032354518775724868
5.275443535162472   2.838733303528214e-05   0.0011260308770661915   0.0029865173137449113
5.319470648567446   2.6199163841761082e-05   0.0010392334990565228   0.002754796690503304
5.363865197753289   2.416200370286676e-05   0.0009584261468803814   0.002539158596355528
5.408630249217947   2.2266833518583957e-05   0.0008832510629038303   0.002338682195926782
5.453768895051364   2.0505070994653134e-05   0.000813367816121241   0.002152439714224807
5.4992842531490265   1.8868556200628648e-05   0.0007484527292916031   0.001979549955005546
5.545179467427369   1.734953719904662e-05   0.0006881983088955158   0.0018191766445237374
5.591457708040902   1.5940655771641114e-05   0.0006323126789417642   0.0016705267924466858
5.6381221716012   1.4634933267209143e-05   0.0005805190195992961   0.001532849072368138
5.685176081397723   1.342575659437591e-05   0.000532555011576911   0.0014054322242082777
5.732622687620417   1.2306864381136268e-05   0.00048817228711840526   0.0012876034806331542
5.780465267584267   1.1272333321654052e-05   0.00044713588842561073   0.001178727019472999
5.828707125955627   1.031656472941146e-05   0.0004092237342666546   0.001078202443966565
5.877351594980528   9.434271314390144e-06   0.00037422609547080896   0.000985463292504833
5.926402034714814   8.620464200575248e-06   0.00034194507995615153   0.0008999755793967374
5.975861833256244   7.870440198674386e-06   0.00031219412788075065   0.0008212363680287086
6.025734406978544   7.1797693475684575e-06   0.00028479751745354875   0.000748772377642389
6.076023200767348   6.5442827366474375e-06   0.00025958988188701503   0.0006821386248093663
6.126731688258191   5.960060619840036e-06   0.00023641573792032144   0.0006209171005391176
6.177863372076403   5.423420830834561e-06   0.00021512902628977086   0.0005647154838178423
6.229421784079094   4.930907507696946e-06   0.00019559266447197887   0.0005131658922401716
6.281410485599073   4.479280133843236e-06   0.0001776781119757817   0.00046592367026520085
6.333833067690858   4.065502901102901e-06   0.00016126494841041506   0.00042266621550129236
6.386693151378742   3.686734399435102e-06   0.0001462404645109257   0.000383091843302579
6.4399943879068715   3.340317636724583e-06   0.00013249926625674179   0.00034691868984321363
6.493740458991497   3.0237703909929917e-06   0.00011994289217605534   0.0003138836537237123
6.547935077075234   2.734775896321183e-06   0.00010847944388740692   0.00028374137605782703
6.602581985583547   2.471173862782022e-06   9.802322989035349e-05   0.00025626325888754455
6.657684959183277   2.230951829742687e-06   8.849442257979323e-05   0.0002312365216791929
6.713247804043389   2.0122368510024665e-06   7.981872842309783e-05   0.00020846329556435076
6.769274358097902   1.8132875093951472e-06   7.192707120600751e-05   0.00018775975490618435
6.825768491310939   1.6324862577004963e-06   6.475528822211967e-05   0.0001689552856945153
6.882734105944095   1.4683320819779108e-06   5.824383925179046e-05   0.0001518916902014315
6.940175136825937   1.3194334827603255e-06   5.23375281494929e-05   0.00013642242726386977
6.998095551623812   1.1845017689230155e-06   4.698523683394627e-05   0.00012241188749980466
7.056499351117933   1.062344658474096e-06   4.2139671452805795e-05   0.00010973470271083249
7.115390569477676   9.518601799981386e-07   3.77571204732595e-05   9.82750886757068e-05
7.1747732745403   8.520308680206776e-07   3.379722443148688e-05   8.792622049663655e-05
7.234651568091857   7.619182451506205e-07   3.0222757057641277e-05   7.858963962299949e-05
7.295029586150586   6.806575834950667e-07   2.699941747863764e-05   7.017469164503296e-05
7.355911499252553   6.074529375291081e-07   2.4095633188654614e-05   6.259799392326259e-05
7.417301512739737   5.415724403370104e-07   2.1482373466701414e-05   5.5782932097383776e-05
7.4792038670505425   4.823438549215459e-07   1.9132972911887985e-05   4.965918450108068e-05
7.5416228380126435   4.29150372102068e-07   1.7022964760048695e-05   4.416227349651071e-05
7.604562737138395   3.8142664638727914e-07   1.5129923640028736e-05   3.923314273367375e-05
7.6680279119225805   3.386550611145526e-07   1.3433317424210587e-05   3.48177593355101e-05
7.732022746142775   3.0036221409051956e-07   1.191436782559061e-05   3.086674000892982e-05
7.796551660162093   2.66115614946905e-07   1.05559193928939e-05   2.733500008500467e-05
7.861619111234542   2.3552058543755574e-07   9.34231655568971e-06   2.4181424497846418e-05
7.9272295938129265   2.0821735394630614e-07   8.259288373203475e-06   2.1368559721144666e-05
7.993387639859243   1.8387833554772652e-07   7.2938406433931526e-06   1.8862325693613548e-05
8.06009781915778   1.622055890617996e-07   6.434155032784716e-06   1.6631746779475925e-05
8.127364739630718   1.4292844266733658e-07   5.6694948924710174e-06   1.464870082739531e-05
8.195193047656431   1.2580127978456113e-07   4.990117431454257e-06   1.2887685410642951e-05
8.26358742839047   1.106014771032371e-07   4.387191925095071e-06   1.1325600352596808e-05
8.33255260608911   9.712748681641078e-08   3.8527236437176265e-06   9.941545664639099e-06
8.402093344435746   8.519705531928848e-08   3.3794831943317754e-06   8.716634047941376e-06
8.472214446869877   7.464557084612634e-08   2.9609409768963445e-06   7.63381713630683e-06
8.542920756918955   6.532453274296364e-08   2.5912064654708918e-06   6.677724683940505e-06
8.614217158532888   5.710013530906665e-08   2.2649720339263097e-06   5.834515929581737e-06
8.686108576421427   4.9851959382911334e-08   1.9774610555221496e-06   5.0917423966389194e-06
8.758599976394347   4.347176509799934e-08   1.7243800155539741e-06   4.438221417668922e-06
8.831696365704406   3.786237948793232e-08   1.5018743863546487e-06   3.8639197005556175e-06
8.905402793393273   3.293667287751366e-08   1.306488024141375e-06   3.3598462829170775e-06
8.979724350640227   2.861661825581442e-08   1.1351258574806385e-06   2.9179542504698345e-06
9.054666171113881   2.4832428086669974e-08   9.850196474379087e-07   2.5310506241548802e-06
9.13023343132673   2.152176327087769e-08   8.536966097448148e-07   2.192713849676329e-06
9.206431350992734   1.8629009231170035e-08   7.389506995030779e-07   1.8972183515940231e-06
9.283265193387898   1.6104614344920978e-08   6.388163690151987e-07   1.6394656421563113e-06
9.360740265713755   1.3904486199495166e-08   5.515446192466416e-07   1.4149215025605572e-06
9.438861919464028   1.1989441390349998e-08   4.7558117515054984e-07   1.2195587812081467e-06
9.51763555079422   1.032470482173851e-08   4.0954662459562753e-07   1.0498053797107822e-06
9.597066600894365   8.879454703423001e-09   3.522183699024457e-07   9.024970228384969e-07
9.677160556364907   7.626409663691254e-09   3.025142499930864e-07   7.748344332314604e-07
9.75792294959561   6.541454618654169e-09   2.5947769987328203e-07   6.643445554805783e-07
9.839359359147782   5.60330224990695e-09   2.222643225796423e-07   5.688454970824101e-07
9.921475410139518   4.793187146851913e-09   1.9012975682512585e-07   4.8641487576691e-07
10.004276774634347   4.09458986603342e-09   1.6241873135265894e-07   4.1536128375967307e-07
10.08776917203293   3.4929883475790295e-09   1.3855520445396817e-07   3.541985996647017e-07
10.171958369468166   2.975634308127457e-09   1.1803349422238908e-07   3.016228978297573e-07
10.256850182203577   2.531352400424912e-09   1.0041031188352149e-07   2.5649172328681297e-07
10.342450474034914   2.1503600920642803e-09   8.529761698521643e-08   2.1780551764806788e-07
10.428765157695278   1.824106369679356e-09   7.235621933061445e-08   1.8469099769407773e-07
10.515800195263449   1.5451275203833026e-09   6.129005830853767e-08   1.5638630382946614e-07
10.603561598575796   1.3069183794756906e-09   5.184109571920239e-08   1.322277501204015e-07
10.692055429641462   1.103817562612537e-09   4.378476331696397e-08   1.1163802128921169e-07
10.781287801061115   9.309053219231215e-10   3.692591110295048e-08   9.411567484838657e-08
10.871264876449215   7.839127791962097e-10   3.109520690811631e-08   7.922581853646178e-08
10.961992870859667   6.59141395485379e-10   2.6145942020920036e-08   6.659184440019318e-08
11.053478051215217   5.533916355620152e-10   2.1951201543959934e-08   5.5888111281643646e-08
11.145726736740244   4.638998778549884e-10   1.8401361821581205e-08   4.683347714734377e-08
11.238745299397296   3.882827061427006e-10   1.5401880676993792e-08   3.918559167187432e-08
11.332540164327252   3.24487798607409e-10   1.2871349344760557e-08   3.273586779383446e-08
11.427117810293058   2.7075070322341695e-10   1.0739777894528873e-08   2.7305058631636585e-08
11.522484770127322   2.2555685613640305e-10   8.947088626743987e-09   2.27393732137993e-08
11.618647631183476   1.876082620072369e-10   7.4417943929537285e-09   1.890707097707314e-08
11.71561303579088   1.5579431254298412e-10   6.1798410642050365e-09   1.5695480948950744e-08
11.813387681713552   1.2916627192244088e-10   5.123595452923488e-09   1.300839699173513e-08
11.911978322612837   1.0691500583719377e-10   4.240961898208686e-09   1.0763805475194333e-08
12.011391768513953   8.835157470130716e-11   3.5046124631518503e-09   8.891906295141016e-09
12.111634886276292   7.289035151273732e-11   2.8913172766719134e-09   7.333392296088587e-09
12.212714600067846   6.003436114873144e-11   2.3813629922330138e-09   6.03795591651647e-09
12.314637891843375   4.93625708069754e-11   1.958048642010024e-09   4.9629952831260355e-09
12.417411801826791   4.0518891113936154e-11   1.6072493475194671e-09   4.07249506239863e-09
12.521043428997348   3.3202674351226276e-11   1.3170394159319755e-09   3.3360601592213253e-09
12.62553993158005   2.7160520526831535e-11   1.077367314230984e-09   2.728082857374422e-09
12.73090852754012   2.2179223856602288e-11   8.797758796452242e-10   2.2270262481027744e-09
12.837156495081492   1.807971182581846e-11   7.171619024241324e-10   1.8148088122678653e-09
12.944291173149646   1.4711846562586634e-11   5.835699136492698e-10   1.476276828878098e-09
13.052319961938423   1.1949973954047226e-11   4.740156335105399e-10   1.1987528970039186e-09
13.161250323401303   9.68911994077004e-12   3.843350909838782e-10   9.716502968105137e-10
13.27108978176673   7.841745890995398e-12   3.1105592034281744e-10   7.861441950866641e-10
13.381845924057876   6.3349860298867455e-12   2.5128777918550757e-10   6.348918364036213e-10
13.493526400616751   5.108299714510687e-12   2.02629222008924e-10   5.117948669676505e-10
13.606138925632544   4.111480027198306e-12   1.6308870774553275e-10   4.117978272875521e-10
13.71969127767458   3.3029678228154935e-12   1.310177236383479e-10   3.307176338788194e-10
13.834191300229518   2.6484271144279038e-12   1.0505427553897351e-10   2.650995602905185e-10
13.949646902243174   2.119543613090971e-12   8.407522998594185e-11   2.1209583374823735e-10
14.066066058666859   1.6930134388889655e-12   6.715619974259562e-11   1.69363494757832e-10
14.183456811008147   1.3496935718106595e-12   5.3537845015156146e-11   1.3497863137862763e-10
14.301827267886436   1.0738895851439612e-12   4.2597620210710467e-11   1.0736450504882178e-10
14.421185605592939   8.527596664731594e-13   3.382613343676865e-11   8.523143760816897e-11
14.541540068655552   6.7581694133509e-13   2.6807405339625238e-11   6.752663562309794e-11
14.662898970408246   5.345147255032424e-13   2.120241744496194e-11   5.3392393772714964e-11
14.785270693565336   4.2190159161372767e-13   1.6735429800677865e-11   4.2131348826988245e-11
14.90866369080055   3.3233508731680274e-13   1.3182625130233177e-11   3.317765404817696e-11
15.033086485330792   2.6124462362250174e-13   1.0362703403692567e-11   2.6073114603780485e-11
15.15854767150498   2.0493549771159672e-13   8.129108075893336e-12   2.0447471291130248e-11
15.285055915397578   1.6042725449267272e-13   6.3636144282093504e-12   1.6002145643374486e-11
15.412619955407315   1.2532065242926564e-13   4.971052546360871e-12   1.2496867059873463e-11
15.541248602860668   9.768840534233477e-14   3.874973411912612e-12   9.738694405013808e-12
15.670950742620539   7.598564389525099e-14   3.0140972078449553e-12   7.573022681774115e-12
15.80173533370002   5.897669664544418e-14   2.3394089669359518e-12   5.876231783726297e-12
15.933611409881106   4.567534698371343e-14   1.8117887636872996e-12   4.549690602172043e-12
16.06658808033883   3.5296193040737594e-14   1.4000823239492576e-12   3.514877346894383e-12
16.200674530270337   2.7215134980039135e-14   1.0795336875415521e-12   2.7094170779789406e-12
16.33588002152942   2.0937348677170436e-14   8.305148308610942e-13   2.0838712269860134e-12
16.472213893266286   1.6071385851379493e-14   6.374983054380532e-13   1.599142248446883e-12
16.60968556257255   1.2308276264379926e-14   4.882282918204038e-13   1.2243802996032282e-12
16.748304525131843   9.404704529104343e-15   3.7305327965447223e-13   9.352986978355677e-13
16.888080355875562   7.169498314106516e-15   2.8439009979289185e-13   7.128214534275027e-13
17.02902270964441   5.4528013787679e-15   2.1629445469112672e-13   5.419999364459769e-13
17.171141321855146   4.137418288601309e-15   1.641175921145186e-13   4.111471521023173e-13
17.314446009173114   3.1319115579265033e-15   1.2423249179775133e-13   3.1114754554684974e-13
17.458946670190365   2.3651095149297255e-15   9.38160107588791e-14   2.349080549654179e-13
17.604653286109265   1.7817470690152428e-15   7.067596707093798e-14   1.7692255282331788e-13
17.751575921432078   1.3390140576267148e-15   5.311422428585968e-14   1.329270890518993e-13
17.899724724656018   1.003828880327462e-15   3.981854558632266e-14   9.962767088943159e-14
18.049109928974385   7.506903093175069e-16   2.977738226959444e-14   7.448584521271936e-14
18.199741852983276   5.599890559387061e-16   2.2212899218902006e-14   5.5550227526589996e-14
18.3516309013944   4.1668400940379117e-16   1.652846570635038e-14   4.1324461965512635e-14
18.504787565753812   3.0926699677961197e-16   1.226759087225794e-14   3.0663994396873623e-14
18.65922242516648   2.2895523311490647e-16   9.081890913557955e-15   2.269557564216474e-14
18.814946147027175   1.6906299439908484e-16   6.706165444497032e-15   1.67546500558798e-14
18.971969487757146   1.2451399775193185e-16   4.939055244159963e-15   1.2336780936975586e-14
19.13030329354727   9.146396210289392e-17   3.628070496748124e-15   9.06006365443603e-15
19.289958501107105   6.700921856221754e-17   2.6580323363012958e-15   6.636117116588788e-15
19.450946138420374   4.8962346487842347e-17   1.9421730773510792e-15   4.8477548093110845e-15
19.61327732550679   3.5679877649474996e-17   1.4153018134291746e-15   3.531843037537177e-15
19.776963275189992   2.5930339968932264e-17   1.0285701521009798e-15   2.5661766014065607e-15
19.94201529387224   1.8793469409336274e-17   7.454742865703389e-16   1.8594575016542296e-15
20.108444782315242   1.3583437907641847e-17   5.388097036697932e-16   1.3436638498101657e-15
20.276263236427702   9.790535425822923e-18   3.883579052243093e-16   9.682548396865564e-16
20.445482248059452   7.036992903972613e-18   2.791340518575803e-16   6.957821956691787e-16
20.616113505802005   5.0436106748881124e-18   2.000632234372285e-16   4.985760105131486e-16
20.78816879579608   3.604620337361292e-18   1.4298327338199788e-16   3.562489821180333e-16
20.96166000254557   2.568802451317854e-18   1.0189583056894152e-16   2.538222815117182e-16
21.136599109738604   1.8253438112029267e-18   7.24053045110494e-17   1.8032224107855075e-16
21.312998201075153   1.2932751758316685e-18   5.129991530798951e-17   1.2773261034534583e-16
21.49086946110177   9.136059333041524e-19   3.623970202106471e-17   9.021455827390782e-17
21.670225176053282   6.434842363425769e-19   2.552487470825555e-17   6.352770056524598e-17
21.851077734701306   4.518738194551527e-19   1.7924328171721055e-17   4.4601611128053585e-17
22.033439629210136   3.1636312773441006e-19   1.254907073346493e-17   3.1219648003623766e-17
22.217323455999477   2.208172563213848e-19   8.759084500748264e-18   2.1786353892393417e-17
22.402741916614684   1.5365531626402692e-19   6.0949942118064e-18   1.515685734082464e-17
22.58970781860396   1.0659049450491826e-19   4.228089615361757e-18   1.0512129394909788e-17
22.778234076403088   7.371136393992102e-20   2.9238841029502008e-18   7.268050480429354e-18
22.968333712227537   5.0814094119110035e-20   2.0156257333913645e-18   5.009329005054536e-18
23.16001985697181   3.491855708471821e-20   1.3851027643604889e-18   3.4416297737340085e-18
23.353305751116622   2.3918792362265783e-20   9.487787637032095e-19   2.3570034008667448e-18
23.5482047456433   1.633132667869151e-20   6.478092915880966e-19   1.6090003195128625e-18
23.74473030295607   1.1114533655168834e-20   4.408765016550305e-19   1.0948136762462643e-18
23.942895997812013   7.53940011708095e-21   2.990628713108776e-19   7.4250718840569095e-19
24.142715518258566   5.097370651200147e-21   2.0219570249760579e-19   5.019096901275071e-19
24.344202666579196   3.434847974564214e-21   1.3624896965771382e-19   3.3814500216207e-19
24.547371360246583   2.306792965245471e-21   9.150278762140367e-20   2.2704960191543166e-19
24.752235632884144   1.5439645213527308e-21   6.124392601365831e-20   1.5193810325135021e-19
24.95880963523522   1.0298674225763703e-21   4.085140776219602e-20   1.0132778345365444e-19
25.167107636140592   6.845863471378617e-22   2.7155258436468515e-20   6.734321887508649e-20
25.377144023524163   4.534877457689283e-22   1.7988347248834157e-20   4.460157369808386e-20
25.588933305386604   2.99350979214894e-22   1.187425550885746e-20   2.9436411754373486e-20
25.80249011080768   1.9690688672871767e-22   7.810639840239134e-21   1.9359102468012065e-20
26.017829190956533   1.2906051926544584e-22   5.119400597529351e-21   1.2686400329421761e-20
26.234965420110807   8.428790669073966e-23   3.343420298732673e-21   8.28383658886323e-21
26.45391379668389   5.484833590329989e-23   2.1756506574975618e-21   5.38953776421024e-21
26.674689444260977   3.556107095373885e-23   1.4105891478316404e-21   3.49369717032547e-21
26.89730761264381   2.2971330370794937e-23   9.111961047081992e-22   2.2564176481468557e-21
27.121783678903842   1.4783730778355508e-23   5.864213208747684e-22   1.451913843788567e-21
27.348133148444607   9.478836959195492e-24   3.759938660480878e-22   9.30756032365195e-22
27.576371656072535   6.054601851061447e-24   2.4016587342543735e-22   5.944166175489953e-22
27.806514967077014   3.852671296745613e-24   1.5282262810424264e-22   3.7817463315033305e-22
28.038578978319414   2.4421388186220078e-24   9.687150647200632e-23   2.3967702351260046e-22
28.272579719330967   1.5420442369124528e-24   6.11677547308606e-23   1.513139743728667e-22
28.5085333534202   9.69900922886332e-25   3.84727366078245e-23   9.515601735396991e-23
28.746456178789177   6.076420329630908e-25   2.4103133974202603e-23   5.96051651627395e-23
28.986364629659494   3.791786378598278e-25   1.50407526351065e-23   3.7188415530290435e-23
29.228275277407267   2.356682834938379e-25   9.34817524525557e-24   2.310964081035442e-23
29.472204831707842   1.4588314634878873e-25   5.786698138501954e-24   1.4302960444375077e-23
29.718170141690116   8.993757497010771e-26   3.567523807147606e-24   8.816399499069159e-24
29.96618819710013   5.521976255533822e-26   2.1903839146950825e-24   5.4122070638448044e-24
30.216276129474878   3.3763722605648566e-26   1.3392943300240598e-24   3.308723527566097e-24
30.468451213325388   2.0558599812585506e-26   8.154911258992248e-25   2.014347894731282e-24
30.722730867330192   1.2462860383416589e-26   4.943601285421912e-25   1.2211844538090736e-24
30.979132655538276   7.524698476353112e-27   2.9847970622867343e-25   7.37200433978425e-25
31.237674288582394   4.523786544362194e-27   1.7944353292636702e-25   4.430372818414581e-25
31.4983736249025   2.7079536311351596e-27   1.07415494035028e-25   2.6516254186065927e-25
31.76124867197907   1.6139527485236912e-27   6.402012569143973e-26   1.58013806058719e-25
32.026317587577225   9.577123929310436e-28   3.798925825293139e-26   9.375038898666864e-26
32.29359868100069   5.657938109923503e-28   2.244315450269656e-26   5.537712414309073e-26
32.563110414356615   3.3276989787358776e-28   1.3199872615652312e-26   3.2564990217902896e-26
32.83487140383092   1.948392539167498e-28   7.728623738697742e-27   1.906419910810574e-26
33.108900420973924   1.135636020125076e-28   4.504689546496135e-27   1.11100733843449e-26
33.38521639399728   6.588942140299172e-29   2.6136137156520043e-27   6.445099007889086e-27
33.66383840908111   3.8053050921675513e-29   1.509437686559795e-27   3.7216881456882796e-27
33.94478571169264   2.1874785631525213e-29   8.676998300505001e-28   2.1391013596658652e-27
34.228077707915325   1.2515891979398833e-29   4.9646371518282045e-28   1.2237336045020694e-27
34.51373396578939   7.127323727875658e-30   2.827171745390678e-28   6.967701626580143e-28
34.801774216663595   4.0394357254955354e-30   1.6023095044465625e-28   3.948409575155048e-28
35.092218356557886   2.278385319221543e-30   9.037595099578786e-29   2.226729970246487e-28
35.38508644753797   1.2788761019343738e-30   5.072875204339682e-29   1.2497069596217673e-28
35.68039871910082   7.1434337927861306e-31   2.8335620711384987e-29   6.979535528527321e-29
35.978175569572244   3.970499174219029e-31   1.574964672440215e-29   3.878866508712877e-29
36.278437567515674   2.195962212573098e-31   8.710650109873288e-30   2.14498990130544e-29
36.58120545315297   1.2084488287553147e-31   4.7935136873960814e-30   1.1802384460339714e-29
36.88650013979717   6.616634583067134e-32   2.6245983846166303e-30   6.46130409296401e-30
37.194342715296784   3.6044018199797545e-32   1.4297460552586358e-30   3.519315488318008e-30
37.504754443492715   1.9534304045642695e-32   7.748607271438269e-31   1.9070643284444492e-30
37.81775676568671   1.0532046148594699e-32   4.177711638942563e-31   1.0280706920338895e-30
38.13337130212271   5.64883449181525e-33   2.2407043484200495e-31   5.513308883673559e-31
38.45161985347998   3.01381990016671e-33   1.195481893732795e-31   2.9411314849120486e-31
38.77252440237906   1.599443839212931e-33   6.34446056221129e-32   1.5606669284331613e-31
39.09610711490033   8.442959248859172e-34   3.349040502047472e-32   8.237215505966424e-32
39.422390342114795   4.432767709446928e-34   1.7583311914139478e-32   4.3241985276377587e-32
39.75139662162831   2.3146762692533893e-34   9.181549201371777e-33   2.257700014601178e-32
40.083148679138034   1.202045228750204e-34   4.768112740709143e-33   1.1723101315392002e-32
40.417669430002306   6.207928656820766e-35   2.462478367205571e-33   6.0536117484730735e-33
40.754981980823615   3.188217286916796e-35   1.2646595238103291e-33   3.1085817839541114e-33
41.09510963104439   1.6281865194557212e-35   6.4584731938410266e-34   1.5873236179088464e-33
41.43807587455667   8.26789659611027e-36   3.2795989831237407e-34   8.059418249064474e-34
41.78390440132463   4.1744568762345706e-36   1.655867894239713e-34   4.068706522776842e-34
42.132619099021234   2.095550987528013e-36   8.312352250527783e-35   2.0422210006263437e-34
42.48424405467798   1.0458487289912711e-36   4.1485332916653753e-35   1.0191119319918692e-34
42.83880355634878   5.18908522042017e-37   2.0583371374333343e-35   5.055832886488696e-35
43.19632209478778   2.5594270112616632e-37   1.015239381133793e-35   2.493411358541343e-35
43.55682436514071   1.2548830668268294e-37   4.977702831746424e-36   1.2223739934011726e-35
43.92033526865103   6.115763783883046e-38   2.4259196342736088e-36   5.9566431252651964e-36
44.28687991437958   2.9625334959116073e-38   1.1751382867116041e-36   2.8851245067744528e-36
44.656483620939355   1.4263265484768673e-38   5.6577619756249065e-37   1.3889002021035729e-36
45.02917191824399   6.824889368098463e-39   2.7072061160123907e-37   6.645059079279022e-37
45.40497054927138   3.24541962303909e-39   1.2873497838055057e-37   3.159552760183346e-37
45.78390547184196   1.5336354670987777e-39   6.083420686158485e-38   1.4928933610616595e-37
46.1660028604114   7.201562547712062e-40   2.856619810592451e-38   7.009477278304954e-38
46.55128910787895   3.3601735755341636e-40   1.3328688516285518e-38   3.2701917618727273e-38
46.939790827410135   1.5577722095945755e-40   6.179163098058481e-39   1.5158925918897324e-38
47.33153485427521   7.175136140557379e-41   2.846137335754427e-39   6.981487278335128e-39
47.726548247702894   3.283347044000353e-41   1.3023943274534737e-39   3.1943924759270126e-39
48.1248582927491   1.4925888111275833e-41   5.920602284139413e-40   1.451996926738502e-39
48.52649250218206   6.740256506785117e-42   2.673635081024763e-40   6.556262275634388e-40
48.93147861838226   3.0234404507008363e-42   1.199298045444665e-40   2.9406005794932003e-40
49.33984461525919   1.3470721805329728e-42   5.343386316114126e-41   1.3100279301978428e-40
49.751618700183194   5.961015713159973e-43   2.3645362328867896e-41   5.796493646329419e-41
50.16682931593405   2.619780534912933e-43   1.0391796121821299e-41   2.547215901019878e-41
50.58550514266576   1.1434044757266193e-43   4.535504420382255e-42   1.1116211961113844e-41
51.007675099887216   4.955643733495636e-44   1.9657386809532694e-42   4.8174079789260037e-42
51.43336834846023   2.132750970112955e-44   8.459912181448054e-43   2.0730522581848116e-42
51.86261429261332   9.113696466990423e-45   3.6150995985728676e-43   8.85771582244814e-43
52.29544258197326   3.8666740043945895e-45   1.5337806884098536e-43   3.7577003859430764e-43
52.73188311361264   1.628707791654632e-45   6.460540906896707e-44   1.5826522436712596e-43
53.17196603411518   6.810597587505062e-46   2.701537043043675e-44   6.617372765268556e-44
53.61572174165822   2.8270747559294394e-46   1.1214063198520108e-44   2.7466040006228443e-44
54.06318088811206   1.1648574088769192e-46   4.62060105521178e-45   1.1315929064199095e-44
54.51437438115761   4.763923666261287e-47   1.8896897209503105e-45   4.627444881301588e-45
54.96933338642089   1.9336875663772603e-47   7.670294013296466e-46   1.8781146019608557e-45
55.42808932962619   7.789507525876381e-48   3.0898379852642977e-46   7.564938843086619e-46
55.890673898766366   3.113926509488895e-48   1.2351908487639282e-46   3.023874230246288e-46
56.35711904629183   1.2352464733852711e-48   4.899811011094908e-47   1.199414348554902e-46
56.82745699131777   4.862031932150605e-49   1.928605999753073e-47   4.720564991748495e-47
57.30172022184927   1.898771443344445e-49   7.531793391932966e-48   1.8433581607550282e-47
57.77994149702585   7.356814770449412e-50   2.918203192278267e-48   7.141476585873027e-48
58.262153849383814   2.8277467000714007e-50   1.1216728576949888e-48   2.7447333457047236e-48
58.74839058713814   1.0781912612571377e-50   4.27682533631998e-49   1.046446952449566e-48
59.23868529648336   4.0778059753261446e-51   1.6175297035460365e-49   3.9574006236970385e-49
59.733071843913095   1.5296896857475535e-51   6.067769086798627e-50   1.4843938301397627e-49
60.2315843785598   5.691103533803214e-52   2.2574710684086076e-50   5.522108314899034e-50
60.734257334553085   2.099791107528374e-52   8.329171393195884e-51   2.037264638784809e-50
61.24112543339871   7.682666762121424e-53   3.047457815641498e-51   7.453264905909258e-51
61.75222368637648   2.787236280918233e-53   1.1056037247642325e-51   2.7037830321130535e-51
62.267587396958845   1.0026071530958455e-53   3.9770083739468536e-52   9.725067465957473e-52
62.787252163249555   3.5756262077359346e-54   1.4183317290685871e-52   3.467991210700157e-52
63.31125388044215   1.2641731051647551e-54   5.014553317153528e-53   1.2260177365738834e-52
63.83962874329991   4.430601233442806e-55   1.7574718225989793e-53   4.296526319831751e-53
64.37241324865539   1.5391777000366474e-55   6.105404876812035e-54   1.4924797764125005e-53
64.90964419793198   5.299719401387145e-56   2.1022220292169007e-54   5.138516085692877e-54
65.4513586996854   1.808517733967497e-56   7.173787011404405e-55   1.7533678454667437e-54
65.99759417216717   6.115978466886363e-57   2.4260047918649235e-55   5.929006189423042e-55
66.54838834590936   2.049508061440726e-57   8.129715310381546e-56   1.9866965741435692e-55
67.10377926633042   6.805198142611612e-58   2.699395263235939e-56   6.5961254518807865e-56
67.66380529636356   2.2387523620885154e-58   8.880384369617778e-57   2.1698048297025e-56
68.22850511910622   7.296454478563769e-59   2.894260276496961e-57   7.071201849548979e-57
68.79791774049214   2.3557237189479485e-59   9.344370751826863e-58   2.282825488933302e-57
69.37208249198605   7.533717409226053e-60   2.9883745723263345e-58   7.300034989891203e-58
69.95103903329978   2.3863401138777278e-60   9.465815785048323e-59   2.312147150394892e-58
70.53482735513232   7.486152442560398e-61   2.969507135548959e-59   7.252864437825721e-59
71.1234877819316   2.325697757903677e-61   9.225267773017918e-60   2.2530570262412554e-59
71.7170609746804   7.154525672727133e-62   2.837961850181763e-60   6.930555117537448e-60
72.3155879337044   2.1792435543831765e-62   8.644332765719931e-61   2.11086985683042e-60
72.91911000150455   6.571917987662881e-63   2.6068608017729425e-61   6.365266355953653e-61
73.52766886561285   1.9620213618851338e-63   7.782684735477696e-62   1.9001906636899305e-61
74.14130656147147   5.7983449335204126e-64   2.300010156963097e-62   5.615219525485205e-62
74.76006547533676   1.696118790039085e-64   6.727937867155038e-63   1.642435947973567e-62
75.38398834720655   4.91047226091793e-65   1.9478206634974453e-63   4.7547223443333314e-63
76.0131182737729   1.4069141688510311e-65   5.5807595364424234e-64   1.3621955635863074e-63
76.64749871139843   3.988885251448945e-66   1.5822578164080814e-64   3.8618339424808684e-64
77.28717347911821   1.1190178649300023e-66   4.438770864222342e-65   1.0833018866191427e-64
77.93218676166683   3.10588703082606e-67   1.232001855561004e-65   3.006552511012427e-65
78.58258311252975   8.528226961267266e-68   3.382863361302682e-66   8.254918241960044e-66
79.23840745702148   2.316419867940825e-68   9.188465476165272e-67   2.2420351874234386e-66
79.89970509538819   6.223316694801873e-69   2.4685822889380757e-67   6.023076621890689e-67
80.5665217059369   1.6536094147014402e-69   6.55931734498238e-68   1.6002984687766873e-67
81.23890334819104   4.3452060587640876e-70   1.7235984033097548e-68   4.2048472175099544e-68
81.91689646607131   1.1290518366256419e-70   4.478572285281713e-69   1.0925107963224822e-68
82.60054789110436   2.9006997257983964e-71   1.1506108912333637e-69   2.8066409752602213e-69
83.28990484565702   7.367769596798048e-72   2.922548606729892e-70   7.128408401486333e-70
83.9850149461988   1.85000247358016e-72   7.338343145201301e-71   1.7897876720637186e-70
84.68592620659025   4.591661749865184e-73   1.8213591607798558e-71   4.4419326773192076e-71
85.39268704139985   1.1263846399950268e-73   4.4679924053136055e-72   1.0895869625528941e-71
86.10534626924833   2.7307403075124932e-74   1.0831936553132891e-72   2.641367836581469e-72
86.8239531161802   6.541964364496551e-75   2.5949791979169644e-73   6.327471160928687e-73
87.5485572190647   1.548556034715239e-75   6.142605604370449e-74   1.4976924820274588e-73
88.27920862902361   3.6215391077250165e-76   1.4365438460642567e-74   3.502376542747721e-74
89.0159578148893   8.366871523251014e-77   3.318859037556236e-75   8.091087414664925e-75
89.75885566669008   1.9093805088847096e-77   7.573876018576014e-76   1.8463354935515545e-75
90.50795349916567   4.303648188294733e-78   1.7071137813569108e-76   4.161303946093997e-76
91.26330305531197   9.579679664480975e-79   3.79993960024412e-77   9.262290698674076e-77
92.02495650995452   2.1056677319925116e-79   8.352482003570292e-78   2.035786383998605e-77
92.79296647335313   4.5699098168133594e-80   1.8127308940026328e-78   4.417994125284538e-78
93.5673859948352   9.791703903993644e-81   3.8840425485841453e-79   9.465664638290427e-79
94.34826856646038   2.0710725205932144e-81   8.215254331686415e-80   2.0019981873614747e-79
95.13566812671566   4.323862570693308e-82   1.715132153041679e-80   4.179419655838362e-80
95.9296390642405   8.909242032236989e-83   3.533999339454006e-81   8.611142453176894e-81
96.73023622158443   1.811566568808989e-83   7.185880722942323e-82   1.750855975553394e-81
97.53751489899443   3.634665698762831e-84   1.4417507271759232e-82   3.512666345441325e-82
98.35153085823549   7.194868581028752e-85   2.853964537141404e-83   6.952993207129413e-83
99.17234032644164   1.4050142601135145e-85   5.573223231783608e-84   1.3577083471541529e-83
